0.216342183269	0.748865806079
0.0200035404339	0.0200022187333	0.0200024896188	0.0200042759344	0.0200031482564	0.0200033549293	0.819964066007	0.0200023695265	0.0200145364745	0.0200000000861
0.967849994206
0.299179441343	0.604169332002	0.0716449210644
0.016672418051	0.0166679035591	0.0166704993906	0.0166704579737	0.0166668643901	0.0166677805438	0.349781269421	0.0166667736571	0.0166666667402	0.516869366273
0.91817214492
0.924989666789
0.0142870931649	0.871415204156	0.0142903126834	0.0142871204333	0.0142864934447	0.0142870573543	0.0142858057054	0.0142871706021	0.014287116707	0.0142866257494
0.010001767119	0.0100010418971	0.0100024938339	0.0100020932117	0.0100010591699	0.0100012122086	0.909986158114	0.0100020085701	0.0100008851025	0.0100012807731
0.0125001661371	0.0125001484578	0.0125005471369	0.0125000939808	0.0125003332825	0.0125001589634	0.887497288514	0.0125001480685	0.0125008783621	0.0125002370966
0.278926428017	0.659520230869
0.0200038973917	0.0200026873758	0.0200002835363	0.0200055122768	0.0200025148253	0.0200013413729	0.0200119676927	0.0200032128836	0.819966903985	0.0200016786602
0.412436634803	0.0528664598827	0.504256858433
0.0200019776866	0.0200029176306	0.0200039862433	0.0200008543609	0.020003361879	0.0200024251594	0.819984476844	0.020000000058	0.0200000000739	0.0200000000641
0.0885073683001	0.886487058383
0.918162106813
0.0125026657388	0.0125008843469	0.0125000859157	0.887486191385	0.0125043060004	0.0125011450724	0.0125007528918	0.0125013898913	0.0125018320562	0.0125007467009
0.0125034383007	0.0125027238041	0.0125040595118	0.887476349272	0.0125006598239	0.0125019251187	0.0125019072758	0.0125037652692	0.012501351042	0.0125038205824
0.162584842689	0.222562415072	0.573669414879
0.014287925238	0.383044262811	0.0142863087837	0.014290396464	0.0142879884817	0.0142866673916	0.0142865380699	0.502654061138	0.0142869285221	0.0142889230995
0.918171049998
0.567143831736	0.360122931655
0.92498128461
0.200566936424	0.754970256561
0.808931608575	0.12951934074
0.464574814727	0.497323278281
0.0250114701105	0.0250022128655	0.0250000001257	0.025000914521	0.0250052912264	0.0250035241731	0.0250001667213	0.774969253483	0.0250067378069	0.0250004289664
0.0833757654073	0.607670156405	0.279782136037
0.391678422016	0.585459745876
0.186705895005	0.768839339607
0.0142864266036	0.0142857143491	0.0142859548242	0.0142860309465	0.0142886950196	0.871424196751	0.0142857455324	0.0142857143531	0.0142857143488	0.0142858072713
0.0100019476757	0.0100011828177	0.0100016829155	0.720141936172	0.199842980304	0.0100038812857	0.0100008185538	0.0100012600269	0.0100007479207	0.010003562328
0.0125034046174	0.0125033661188	0.0125006127349	0.591607200369	0.308371291603	0.0125042379644	0.0125008141637	0.0125017328115	0.0125045629789	0.0125027766378
0.495530814424	0.463253379185	0.012779723366	0.0107836654158
0.0166719126839	0.016669553209	0.0166680248739	0.0166702433026	0.849965718494	0.0166693522952	0.0166672181735	0.0166763666445	0.0166710812017	0.0166705291222
0.0250051503946	0.0250024200432	0.0250008150039	0.0250032614625	0.0250047533511	0.0250050482421	0.0250017271994	0.0250082463914	0.434860466306	0.365108111606
0.0250057049427	0.0250017969722	0.0250037829144	0.0250043424213	0.0250074781037	0.774954825209	0.0250022420058	0.0250092151865	0.02500391163	0.0250067006148
0.55222183959	0.409674517148
0.343304324997	0.59001067758
0.0125000001667	0.0125002759902	0.0125007834184	0.012500000625	0.0125003128679	0.0125064276896	0.0125002276243	0.0125000000329	0.88749197155	0.0125000000346
0.0125000001667	0.0125002759488	0.0125007832995	0.0125000006249	0.0125003128205	0.012505820081	0.01250022759	0.0125000000329	0.887492579401	0.0125000000345
0.0125000001667	0.0125002759813	0.012500783393	0.012500000625	0.0125003128577	0.0125062930903	0.012500227617	0.0125000000329	0.887492106202	0.0125000000345
0.968957978573
0.0111137626192	0.899990351247	0.0111120101693	0.0111119916118	0.0111118982409	0.0111116156633	0.0111116086001	0.0111122611156	0.0111126406404	0.0111118600919
0.47891591217	0.48107455423
0.0111124783425	0.899991670611	0.0111119747039	0.0111120217419	0.0111118142228	0.0111120744959	0.0111119443369	0.0111115103751	0.0111118422005	0.0111126689689
0.422386927114	0.555986105516
0.299408523619	0.179649533194	0.5053823583
0.0142868842987	0.0142892284533	0.0142857553629	0.0142859590031	0.0142857156552	0.0142866523475	0.241384468257	0.0142858761397	0.014286168503	0.644323291979
0.662371745442	0.287618130497
0.292124910012	0.0250004495088	0.0250000882181	0.0250005108765	0.0250000003587	0.02500020807	0.0250002513608	0.025000000578	0.0250000506811	0.507873530336
0.615563737017	0.337361160958
0.127640654049	0.416924718872	0.215095447558	0.0643344187419	0.164889935864
0.37073398608	0.556530179918
0.972723365193
0.656569432132	0.0100008643014	0.0100011372309	0.0100004655467	0.263420040858	0.0100019528548	0.0100004429572	0.0100042363798	0.010000491338	0.0100009364006
0.935703366198
0.116300632595	0.75953492478	0.0891552682814
0.949989461725
0.943739512327
0.0125009415595	0.0125002748643	0.0125016328646	0.0125014759157	0.0125000000365	0.012500799127	0.887494657436	0.0125000000435	0.0125002181024	0.0125000000503
0.714363124785	0.2411826747
0.947047774369
0.0166682628041	0.0166693498425	0.0166686737134	0.0166700004285	0.0166680423725	0.22359992557	0.0166668582314	0.0166702442405	0.0166681534192	0.643050489377
0.963992593943
0.918164618741
0.302336402637	0.647655589306
0.0200043449078	0.0200067769092	0.0200004818545	0.819974188499	0.020001196255	0.0200016024909	0.0200023915231	0.0200066625432	0.0200005602283	0.0200017947894
0.010002608156	0.411662960084	0.0100017818098	0.0100008421461	0.0100021947506	0.0100039657137	0.0100068509406	0.508315150064	0.0100029543259	0.0100006920089
0.0125041132999	0.012501228426	0.012503495255	0.0125029392343	0.0125036923029	0.0125021162131	0.0125018295337	0.887477563441	0.0125017868207	0.0125012354734
0.949991013145
0.69999999958	0.0333333333723	0.0333333333724	0.0333333333594	0.0333333333649	0.0333333333637	0.0333333333979	0.0333333333709	0.0333333334427	0.0333333333757
0.939990261792
0.0200011149513	0.0200010961612	0.0200002933591	0.0200005864851	0.819994411245	0.020000178072	0.0200000000486	0.0200007010147	0.0200004123554	0.0200012063074
0.979997094869
0.0142893635652	0.0142871261942	0.0142874735533	0.0142903815734	0.0142882476544	0.0142872718106	0.0142893952596	0.871405452903	0.0142880925609	0.0142871949253
0.0200002149701	0.0200009251548	0.0200024945196	0.0200000000992	0.0200024558	0.0200014390591	0.0200004796021	0.0200011064095	0.819990884327	0.020000000059
0.0166707740552	0.0166677245111	0.0166718368135	0.016672787989	0.0166723181713	0.0166724025304	0.0166717157158	0.84995844939	0.0166717615942	0.0166702292291
0.0100009503658	0.0100013185882	0.0100010134515	0.909980969858	0.0100006384885	0.0100014213297	0.0100024413771	0.0100087944374	0.010000488602	0.0100019635019
0.0333356311774	0.0333333333754	0.0333357139937	0.033333333352	0.699993525686	0.0333345025412	0.0333333333844	0.0333339597617	0.0333333333608	0.0333333333669
0.0125036105884	0.579300080783	0.0125005327892	0.320689301973	0.0125015802335	0.0125009168188	0.0125009877442	0.0125009298336	0.0125006376394	0.0125014215971
0.965380601806
0.0500000001906	0.549989855552	0.0500000002588	0.0500101423647	0.0500000002091	0.0500000002006	0.0500000004275	0.0500000002486	0.0500000002679	0.0500000002804
0.1	0.1	0.1	0.1	0.1	0.1	0.1	0.1	0.1	0.1
0.0333456997994	0.0333495615835	0.033333333914	0.0333378730592	0.0333386203229	0.0333333337815	0.0333333342994	0.699961575357	0.0333333339233	0.0333333339592
0.173826949189	0.759500362916
0.680774761604	0.277111350494
0.158218207587	0.805412207933
0.469176063924	0.17492360543	0.305888043159
0.95713436288
0.918173325442
0.952625714081
0.466989710522	0.479662985921
0.935701839855
0.0100005784234	0.010002306187	0.909991761708	0.0100006640945	0.0100002107984	0.0100017610111	0.010000093061	0.0100005415878	0.0100010058836	0.0100010772453
0.295679916299	0.650981553906
0.348442011824	0.0250000000871	0.451553224836	0.0250000000586	0.0250000000992	0.0250011109359	0.025000000187	0.025000000147	0.0250001520583	0.025003499767
0.960863400185
0.0111134784142	0.0111141716598	0.0111124246903	0.0111127447428	0.0111118530292	0.0111123071788	0.0111116021053	0.0111132029025	0.0111137690561	0.899984446221
0.982688309158
0.969994915843
0.52862715209	0.446365087123
0.0125015947775	0.0125029916603	0.0125018840546	0.0125009565663	0.45148511317	0.0125032408427	0.0125017153522	0.448496120336	0.012502889484	0.0125034937557
0.0200003874917	0.0200022973739	0.0200038167693	0.0200009325254	0.0200070790491	0.0200000000385	0.0200000000698	0.020000000044	0.0200000007031	0.819985485935
0.952619431846
0.700927300659	0.252009170887
0.924993879091
0.935685432925
0.0100022119655	0.0100009345896	0.909986489473	0.010000960194	0.0100014702362	0.0100015085495	0.0100002471023	0.0100014513687	0.0100014604785	0.0100032660425
0.0111120974187	0.0111116695093	0.899988168301	0.0111123264965	0.0111128627246	0.011112466556	0.0111126380825	0.0111129160116	0.0111126831694	0.0111121717304
0.334507272405	0.644435771322
0.918170351258
0.010001212957	0.0100010342501	0.010001804376	0.0100025541438	0.010001813782	0.909987445531	0.0100008393054	0.0100018576004	0.0100006366289	0.0100008014257
0.3537071702	0.608190395656
0.221550382069	0.145587781134	0.597855085665
0.538816726943	0.253279307449	0.166719889117
0.687755223874	0.142891651627	0.141347033742
0.0100018082141	0.010000180889	0.0100002491119	0.0100015888167	0.557078908888	0.256034663095	0.0100006433564	0.0100003524779	0.0100002699656	0.116881335185
0.128950932729	0.823977840096
0.610039944206	0.353586116988
0.0142886905964	0.0142866112985	0.871418149589	0.0142871244589	0.0142862665563	0.0142869874478	0.0142861626641	0.0142874677508	0.0142862444189	0.014286295219
0.0142861250966	0.871416278369	0.0142885533922	0.0142866100121	0.0142861544396	0.0142857892672	0.0142864122191	0.0142870214839	0.0142913412997	0.0142857144211
0.968957722591
0.0125021034861	0.0125032549718	0.887487426716	0.0125007485638	0.0125000000431	0.0125014173055	0.0125005034753	0.0125002840177	0.0125042613634	0.0125000000573
0.949987916267
0.246816912634	0.691634910558
0.943736989465
0.671814325741	0.297406856756
0.949988226905
0.0125016152112	0.0125011690176	0.0125051521785	0.012501017612	0.0125012547718	0.887484348462	0.0125008198026	0.0125017110681	0.0125014775302	0.0125014343464
0.0125027641641	0.012502669026	0.0125015225489	0.0125023093569	0.88747464585	0.0125089553838	0.0125011535325	0.0125024201026	0.0125014863059	0.0125020737291
0.0250001786053	0.0250032079722	0.774968850642	0.025000000056	0.0250051099364	0.025013670192	0.0250000001043	0.0250034068683	0.025004600165	0.0250009754585
0.0100057930593	0.413360001629	0.0100038275452	0.0100029551055	0.0100050260438	0.506610396606	0.0100011690517	0.0100038685502	0.0100035987588	0.0100033636507
0.020000334993	0.0200017087955	0.0200021930517	0.0200028352506	0.0200023401737	0.819987268024	0.02000000003	0.0200011716491	0.0200016566678	0.0200004913643
0.387239648461	0.559421345494
0.0250013052703	0.0250030193874	0.0250076374519	0.025002510383	0.0250043643239	0.774975698179	0.0250003738364	0.025001995309	0.0250011008011	0.0250019950581
0.0142899361796	0.014290228166	0.500025167593	0.38565491752	0.0142915805506	0.0142914942614	0.0142883741599	0.0142899400703	0.0142892786932	0.0142890828067
0.918170820436
0.924990431178
0.56715479686	0.375689912592
0.408024049446	0.534821737125
0.020000128047	0.0200000001761	0.0200058044651	0.0200049761912	0.0200015182814	0.0200010261696	0.0200000000702	0.0200029158581	0.819981470464	0.0200021602768
0.0142887142893	0.871397855938	0.0142899334161	0.0142875219316	0.0142922573762	0.0142902731575	0.014287330136	0.0142918006619	0.0142874284113	0.0142868846824
0.0100020306286	0.0100020529872	0.909981765856	0.010001766331	0.0100014120222	0.0100024726535	0.0100022568561	0.010001573387	0.0100027226659	0.0100019466126
0.0100011372118	0.0100025761301	0.0100010404737	0.0100010983143	0.0100016549443	0.90998745016	0.0100008343533	0.0100017528895	0.010000840381	0.0100016151418
0.0125000295962	0.0125020928326	0.0125000000202	0.0125000000275	0.0125000000512	0.0125023498541	0.0125000000382	0.887494802027	0.0125001411111	0.0125005844415
0.0125024599001	0.0125019502111	0.0125005085337	0.312738918461	0.0125014335547	0.58725039664	0.0125004929316	0.0125002162364	0.0125017561239	0.0125018674077
0.0100045744917	0.909976451961	0.0100007005083	0.0100025910142	0.0100017056546	0.0100028072255	0.0100007247496	0.0100024477748	0.0100060679734	0.0100019286473
0.0100010022029	0.909974709381	0.010002539518	0.0100015147787	0.0100099248451	0.0100018617176	0.0100002314926	0.0100005234307	0.0100005982825	0.0100070943504
0.0125006833531	0.761802131897	0.138191081051	0.0125005344832	0.0125005130214	0.0125021261306	0.0125007833328	0.0125002434145	0.0125003448041	0.0125015585125
0.423812670291	0.551937004466
0.0166697021294	0.016668799064	0.0166669998802	0.849979334345	0.0166686277955	0.0166676466573	0.0166713888021	0.0166709901905	0.0166685248056	0.0166679863301
0.984207247079
0.0250041175944	0.774977574654	0.0250093996813	0.0250010386801	0.0250000005133	0.0250006398856	0.0250000002818	0.0250069292049	0.0250000015152	0.0250002979891
0.965379557523
0.0125013107035	0.0125015181279	0.0125010278214	0.887485599346	0.0125010019686	0.0125024392391	0.0125009810555	0.0125003491013	0.0125006820127	0.0125050906246
0.0125006206842	0.0125011364009	0.0125000000457	0.887492334028	0.012500000037	0.0125013449501	0.0125000004317	0.0125000000447	0.012500369754	0.0125041936233
0.0125006665621	0.481997339199	0.0125000362547	0.0125046438559	0.0125002047182	0.0125006722054	0.0125005969778	0.0125007656606	0.012500341693	0.417994732873
0.0100068329109	0.0878272878689	0.0100006100771	0.832155216733	0.010000064673	0.0100030108124	0.0100021094389	0.0100010289055	0.0100012645225	0.0100025740582
0.924987971949
0.0142873269818	0.0142897291735	0.0142879337628	0.871398226724	0.0142866202621	0.0142883465244	0.0142881603035	0.0142961115353	0.0142903834344	0.0142871612984
0.924977788332
0.959079683163
0.0111120141484	0.0111146944812	0.0111124147178	0.0111127791332	0.0111139953071	0.0111126581461	0.486543619965	0.0111134553435	0.0111130726268	0.424551296131
0.354856333527	0.286147242728	0.333065139768
0.959083734047
0.983923560233
0.604842556295	0.350703836999
0.520858101879	0.421984955247
0.918167422639
0.935698786744
0.0200000001394	0.0200049393091	0.0200000028152	0.0200012994131	0.020004489196	0.819977567309	0.0200018792431	0.0200007873019	0.0200036659087	0.0200053693649
0.963995052737
0.609038440935	0.337617220051
0.930753665917
0.748598891456	0.204335080348
0.962494403622
0.464423570055	0.515060244285
0.791931998454	0.135327240773
0.404514257662	0.545475272202
0.014289563474	0.0142876442747	0.0142870414676	0.0142888503258	0.0142877180671	0.871399675811	0.0142867476496	0.0142952278353	0.014288982603	0.014288548492
0.721657744583	0.257824674212
0.635229306448	0.320317012142
0.0142879966368	0.0142889283305	0.0142873421863	0.487606308223	0.0142880315163	0.0142900497174	0.0142869427183	0.0142888742531	0.398084626703	0.0142908997145
0.020002581489	0.0200027671001	0.0200011297858	0.536028068439	0.0200021008999	0.0200027868719	0.0200009989756	0.020004609223	0.30395228585	0.0200026713662
0.121558142975	0.811763390197
0.0200021087315	0.0200028172823	0.0200005964478	0.0200113298771	0.0200024574032	0.0200018866391	0.0200015075468	0.0200040757745	0.819970408777	0.020002811521
0.869817875799	0.114492375757
0.0333370844244	0.0333430929362	0.0333368318501	0.699936892977	0.0333395076435	0.0333392375502	0.0333351664345	0.0333491431447	0.0333478481394	0.0333351949003
0.0100011365247	0.0100022611957	0.0100014090435	0.621493727319	0.0100028043325	0.298489757409	0.0100007777015	0.0100034641591	0.0100030131175	0.0100016491977
0.603851398272	0.162098294851	0.204878200397
0.554828912246	0.103132234616	0.264965846969	0.0616853443079
0.0166692059985	0.0166686142743	0.0166675211104	0.849980259087	0.0166683506609	0.0166683277558	0.0166670750026	0.0166703999038	0.0166717764572	0.01666846975
0.799460947031	0.147191417388
0.673694143251	0.218870374999	0.0662515319666
0.87141981684	0.0142858896505	0.0142864633909	0.0142867105876	0.0142876722062	0.0142870420277	0.0142858088598	0.0142870991221	0.0142874377019	0.0142860596134
0.690880595053	0.251963835653
0.29974327819	0.247636331164	0.417615911236
0.637105068929	0.339359591996
0.924990853157
0.0333337196942	0.0333333333766	0.0333333333795	0.033337402061	0.0333333333709	0.0333338861844	0.699994991789	0.0333333333751	0.0333333333883	0.0333333333807
0.0250002900556	0.0250000980065	0.0250020034918	0.025005214133	0.274996679584	0.0250004162951	0.524995297688	0.0250000000363	0.0250000006641	0.0250000000456
0.974279711574
0.0111158862228	0.0111140394445	0.899965266073	0.0111124658963	0.0111141864317	0.0111191311378	0.011119781597	0.0111136443248	0.0111136703072	0.0111119285651
0.1	0.1	0.1	0.1	0.1	0.1	0.1	0.1	0.1	0.1
0.587797050453	0.139130634755	0.241246189227
0.0125020200052	0.0125002437441	0.0125019008043	0.0125008312524	0.0125011152336	0.0125012404778	0.0125000001186	0.88748823378	0.0125041514776	0.0125002631063
0.0200000000894	0.819984285502	0.0200028251066	0.0200008882822	0.0200000003834	0.0200000000936	0.0200000001994	0.0200031755455	0.0200052941239	0.0200035306745
0.0500050874407	0.0500000001497	0.0500000001597	0.549964558342	0.0500026738271	0.0500146774947	0.050000000248	0.0500000001517	0.0500089225542	0.0500040796323
0.394007870604	0.583129025381
0.952623370176
0.0142922446044	0.0142885231404	0.0142857440366	0.0142863623144	0.0142857145182	0.571716065729	0.0142860568096	0.313985650161	0.0142879241058	0.014285714581
0.918160076621
0.949989121668
0.0125011657568	0.887490406493	0.0125011929786	0.0125015642875	0.0125013390635	0.012500869704	0.0125006783123	0.0125004882775	0.0125010271522	0.0125012679752
0.23651037262	0.511803165886	0.228347058917
0.0250017877656	0.0250039091067	0.0250039692893	0.0250035974143	0.774972291815	0.0250041066736	0.025000109989	0.0250053648706	0.0250023029824	0.0250025600931
0.0250017880338	0.0250039097477	0.0250041135435	0.0250036018327	0.774972139359	0.0250041061143	0.0250001100043	0.0250053675346	0.0250023033348	0.0250025604951
0.0250017885214	0.0250039108304	0.0250044092984	0.0250036019602	0.77497183397	0.0250041099611	0.0250001100335	0.0250053702548	0.025002303968	0.0250025612021
0.0111127124719	0.0111130306577	0.0111132091307	0.0111125714313	0.0111123463634	0.011111841862	0.89998526487	0.0111135315458	0.0111126707936	0.0111128208734
0.0333333333781	0.0333333334005	0.0333333333942	0.033333333374	0.0333333333825	0.0333345954326	0.699998737452	0.0333333333918	0.0333333333955	0.0333333333992
0.0166666862526	0.0166700295335	0.0166666667131	0.0166675991966	0.0166669839619	0.0166675502525	0.0166666667435	0.0166666667113	0.0166666667195	0.849994483916
0.1	0.1	0.1	0.1	0.1	0.1	0.1	0.1	0.1	0.1
0.0142888496705	0.014288125928	0.0142885036313	0.871384756092	0.0142864128988	0.0142885190148	0.0142995955481	0.0142925023894	0.0142914442969	0.0142912905304
0.923034294941	0.0449594803341
0.53252725186	0.39473402584
0.168606056015	0.778049652394
0.0100022498045	0.0100031911342	0.459840322233	0.0100028134146	0.0100027659868	0.0100012636092	0.0100008046638	0.0100027174782	0.460141597961	0.0100022737145
0.010002219081	0.0100014851212	0.547241633084	0.0100009630592	0.0100008706647	0.010001240342	0.0100017662678	0.0100019120204	0.0100018775569	0.372746032803
0.124688385849	0.847721316549
0.0111125900019	0.0111112397178	0.271084783285	0.0111130268693	0.0111115713241	0.011111929604	0.0111111838151	0.0111118252012	0.640019764558	0.0111120856239
0.0111113235201	0.0111115355499	0.0111115776299	0.0111147698355	0.0111128136625	0.0111157216912	0.0111114556418	0.0111131884329	0.899984673907	0.0111129401289
0.253616763494	0.689231082999
0.939992477432
0.957132386847
0.0500000001859	0.0500055779201	0.0500000002524	0.0500000001686	0.050000000204	0.0500000001957	0.0500000004387	0.0500053620686	0.549989058293	0.0500000002735
0.0166693060411	0.0166708876091	0.0166728622202	0.0166666668093	0.0166666668411	0.0166666674021	0.0166712663342	0.849976612398	0.0166723974472	0.0166666668975
0.9307553889
0.120055502885	0.807208740629
0.935700368632
0.537474176198	0.422519836799
0.373677969167	0.60278927479
0.969993877072
0.943737783044
0.033334728232	0.0333419749855	0.0333338204323	0.033342328486	0.0333360747688	0.0333372659184	0.0333351502152	0.0333338499718	0.699971252023	0.033333554967
0.94705098988
0.918172080682
0.976311095816
0.0796022829233	0.801448318189	0.0800537349401
0.924986154926
0.0142888180227	0.0142868239385	0.0142871033626	0.0142888709819	0.871407287084	0.0142875534395	0.0142910219915	0.0142883177295	0.0142876728366	0.0142865306127
0.448652627643	0.51324330481
0.0111122290325	0.0111128580458	0.0111118192195	0.011112378473	0.457159600666	0.195142704619	0.0111116493181	0.0111118632624	0.269911647075	0.0111132502887
0.92371292259	0.0504769459513
0.0100011922504	0.0100016855685	0.0100013140524	0.909984767256	0.0100008906782	0.010003429842	0.0100005359856	0.0100022738542	0.0100029880112	0.0100009225015
0.600770627032	0.212745498765	0.168059936954
0.0142866453288	0.0142888433517	0.0142860002615	0.87141684176	0.0142867718316	0.0142863297244	0.0142864236098	0.0142885328889	0.0142873259363	0.0142862853067
0.918167221386
0.674346583461	0.278586439839
0.014289046386	0.363678983304	0.0142860918586	0.014289272013	0.0142866431072	0.0142890057436	0.522014400306	0.0142888420474	0.0142876501405	0.014290065094
0.962490083321
0.491020103509	0.483975261904
0.412685566905	0.104347780369	0.439207924065
0.0142876427939	0.871412378328	0.0142880854828	0.0142875866662	0.0142865944156	0.0142886811162	0.0142872163854	0.0142872369998	0.0142872259802	0.0142873518316
0.411873551822	0.515849918698	0.0516853529917
0.976311099242
0.762767649745	0.225464816215
0.957134780949
0.1	0.1	0.1	0.1	0.1	0.1	0.1	0.1	0.1	0.1
0.586830052399	0.346496383942
0.0142859026666	0.0142863237552	0.0142869095739	0.0142863513716	0.871423425989	0.0142868618877	0.0142857259649	0.0142860400375	0.0142859123986	0.0142865463548
0.0166681363151	0.0166688464986	0.0166692551445	0.0166702996375	0.849977019082	0.0166691337097	0.0166689568197	0.0166677466271	0.0166705772964	0.0166700288699
0.918171607517
0.0250013898605	0.0250000036056	0.0250001162371	0.0250017490029	0.0250008384688	0.0250036673852	0.0250005886793	0.0250009282767	0.774986054228	0.0250046642557
0.594993386482	0.364997779098
0.960863886571
0.687477596545	0.259178965823
0.93998543989
0.899993345401	0.0111123008308	0.0111116856382	0.0111117272412	0.0111117319878	0.0111122963033	0.0111111750382	0.0111126026844	0.0111114896822	0.0111116451933
0.771945893809	0.0100008229057	0.0100006182674	0.0100004913334	0.0100001743277	0.148040179245	0.0100000745742	0.0100044113915	0.0100013941133	0.010005940033
0.566471107077	0.014286320789	0.0142871870579	0.0142885545783	0.0142859660288	0.31923403543	0.0142858739564	0.014288467453	0.0142861158473	0.0142863717828
0.970961832591
0.899993201522	0.0111123667624	0.0111117015626	0.0111117272008	0.011111731884	0.01111224794	0.0111111750475	0.0111127129904	0.0111114897439	0.0111116453463
0.899993392078	0.0111123183146	0.0111116539569	0.0111117269178	0.0111117324714	0.0111122520577	0.0111111750322	0.0111126143539	0.0111114896486	0.0111116451686
0.0111131721225	0.0111120349612	0.0111114094505	0.0111119986142	0.0111116263188	0.0111115517575	0.0111122770378	0.0111124443318	0.899992054307	0.0111114310989
0.924988349548
0.0125029258124	0.0125013075279	0.0125006189213	0.0125028123044	0.012501828942	0.0125023643604	0.0125022233616	0.88748053107	0.0125046465039	0.0125007411961
0.314783115773	0.638147782933
0.0142899923459	0.0142871861299	0.014289700169	0.0142881056194	0.0142875945552	0.0142877478498	0.0142883748435	0.0142899521851	0.87140338173	0.0142879645722
0.960860162299
0.0111118864631	0.011111200811	0.0111114139211	0.0111115049145	0.0111112924619	0.0111116789201	0.0111114705462	0.0111124788348	0.899995634337	0.0111114387908
0.642134476073	0.335639762059
0.790854283306	0.18489833788
0.972720533843
0.368978474401	0.596230286836
0.976309607896
0.97804453365
0.947051566501
0.23762169101	0.722371825921
0.810350955489	0.122975319163
0.0200014873461	0.0200007063525	0.464716493814	0.0200033430411	0.0200009626892	0.375268694315	0.0200000001209	0.0200032329556	0.0200029998911	0.0200020794744
0.960864687715
0.959087198584
0.918166377218
0.935704160902
0.0166733477184	0.0166693656079	0.849982685732	0.0166691823838	0.0166678471729	0.0166684203096	0.0166671909303	0.016667562048	0.0166670472885	0.0166673508084
0.952620640848
0.949990452775
0.952624270769
0.447904885454	0.0125015578244	0.0125028593672	0.01250140603	0.0125006917559	0.45207990205	0.0125026774512	0.0125020296712	0.0125039096654	0.0125000807302
0.0443755710957	0.937844017958
0.949990880609
0.411742259874	0.25958201753	0.302744096644
0.566783240801	0.366535135882
0.0920301447888	0.233504803399	0.352204298143	0.282253110341
0.0624365210236	0.887553436225
0.174869231535	0.0100029382289	0.0100018355936	0.0100007242568	0.0100004985846	0.745119078041	0.0100013878149	0.0100017850744	0.0100018955753	0.0100006252958
0.0142865962638	0.0142884251322	0.0142870999771	0.0142861890965	0.0142866603869	0.0142878235964	0.0142861110741	0.87141695052	0.0142868801359	0.0142872638167
0.94374229825
0.0125033954322	0.732394898857	0.0125020758471	0.0125016763767	0.0125013211996	0.0125085828458	0.0125007778795	0.0125011693061	0.167584136552	0.0125019657039
0.947051586574
0.930763327712
0.975670055908
0.121807555552	0.811519978085
0.96537547479
0.0125012714629	0.0125012946475	0.0125001524492	0.887485449074	0.0125019741581	0.0125004662424	0.0125034477145	0.0125029304549	0.0125012061247	0.0125018076724
0.965381183278
0.491452862495	0.493729290225
0.177480374242	0.455802794139	0.336272334196
0.0166747489904	0.849977407812	0.0166678919319	0.0166687797154	0.0166683703969	0.0166689261597	0.0166679085386	0.0166699766943	0.0166688001439	0.0166671896164
0.0200050626685	0.0200031791426	0.0200008466158	0.81995738528	0.0200091735313	0.020006820371	0.020000833104	0.020002204103	0.0200098469045	0.0200046482789
0.970959827412
0.974992443551
0.0100022984199	0.909981931841	0.0100012061665	0.0100014439856	0.0100005216802	0.010000575087	0.0100067956555	0.0100009470772	0.0100020941609	0.0100021859258
0.527261907606	0.437949676468
0.899989377835	0.0111130043794	0.0111125738227	0.0111139442723	0.0111111112305	0.0111125223835	0.0111111113455	0.0111123925807	0.0111117433634	0.0111122187866
0.924983201402
0.963991827009
0.0250040424553	0.0250000001888	0.0250062463247	0.0250011575012	0.0250018854979	0.551289073534	0.248695166341	0.0250015199969	0.0250000000841	0.0250009080761
0.9357054942
0.994338511182
0.0166681317609	0.0166673258181	0.016670190741	0.0166680899403	0.0166725174071	0.0166727976128	0.0166684123362	0.0166670272064	0.0166692836416	0.849976223536
0.949990899806
0.935707748369
0.959081796437
0.0142857801403	0.0142861218728	0.0142872330268	0.0142861829889	0.871424399737	0.0142858077545	0.0142857299591	0.0142861435847	0.014286191234	0.0142864097015
0.0142857801195	0.0142861214226	0.0142869940647	0.0142861825541	0.8714246426	0.0142858077248	0.0142857299542	0.0142861432792	0.0142861905827	0.0142864076981
0.126858516696	0.800403138548
0.271559833974	0.678431097722
0.9590815635
0.110703668097	0.827742735106
0.196401213597	0.0111117426376	0.0111115709888	0.213090930217	0.0111121000534	0.0111138274606	0.0111132168701	0.011113849562	0.512719443461	0.0111121051531
0.976917320715
0.317870168667	0.0111112180533	0.0111132031953	0.0111130301542	0.59323082793	0.0111124174701	0.0111118735632	0.0111139508361	0.0111118585009	0.0111114516305
0.0166670516536	0.0166672030218	0.0166675898055	0.0166680855637	0.0166681947014	0.849988909178	0.0166683749633	0.0166680306973	0.0166680120697	0.0166685483458
0.350430223393	0.59956010849
0.0142859457028	0.0142872116942	0.0142858483538	0.0142859823474	0.0142865508577	0.0142859163719	0.0142859684096	0.0142879330732	0.0142872161882	0.871421427001
0.0200007503047	0.020002335365	0.0200008464073	0.0200018978982	0.819983196099	0.0200083607253	0.0200000252569	0.020000000032	0.0200014186089	0.0200011693025
0.0250064649426	0.0250030874037	0.249115134399	0.0250049180632	0.550849884247	0.0250076474417	0.0250038958027	0.0250043404085	0.0250030984146	0.025001528877
0.0142857858619	0.0142857750613	0.0142869960693	0.0142863129694	0.871423815465	0.0142870601322	0.0142864365636	0.0142861001032	0.0142857685855	0.014285949189
0.949995948143
0.360191029012	0.567065948035
0.939988609901
0.979540351929
0.666611123611	0.280044192234
0.0200000001138	0.819985590562	0.020009158132	0.0200011030352	0.020000000125	0.0200029040824	0.0200000002555	0.0200000001484	0.0200012433212	0.0200000002251
0.949995483079
0.909996553609	0.0100002997194	0.010000158931	0.0100001903904	0.0100000000831	0.0100000000741	0.0100000001617	0.0100017643971	0.0100007247603	0.0100003078741
0.125096977115	0.0472144382962	0.806473142109
0.962497064393
0.0250000001653	0.774979462828	0.0250085155191	0.0250071747078	0.0250020679623	0.0250006100645	0.0250000003226	0.0250004452308	0.025000604466	0.0250011187335
0.849986473789	0.0166671908838	0.0166700570939	0.0166676821096	0.0166687420965	0.0166680733086	0.0166698381312	0.0166673682446	0.0166676193705	0.0166669549726
0.0166675616287	0.0166689485378	0.334222218886	0.016667516487	0.0166666668425	0.0166675586555	0.0166671956435	0.0166666668741	0.532438999545	0.0166666669001
0.947056715905
0.954995701062
0.954994011499
0.0142863642279	0.0142859975945	0.719724990736	0.0142861369417	0.0142863464737	0.165980829092	0.0142867436083	0.0142885418385	0.0142878671542	0.0142861823331
0.0200000000288	0.0200000000391	0.0200000000622	0.0200000000261	0.0200000000317	0.0200000000304	0.819999999662	0.0200000000376	0.02000000004	0.0200000000424
0.0125006925127	0.0125015769517	0.012500000241	0.887492210708	0.0125001819415	0.0125005196878	0.012500300922	0.0125030432387	0.0125011451384	0.0125003286579
0.0200025334683	0.0200022963005	0.819982354058	0.020002096844	0.020001627496	0.020002421098	0.0200025073231	0.020001453553	0.0200017912394	0.0200009186192
0.899987623609	0.0111118784614	0.0111132092915	0.0111117768828	0.011112678829	0.0111119754516	0.0111133251926	0.0111126392231	0.0111125909405	0.0111123021188
0.0142923574181	0.0142870722789	0.0142890438895	0.0142889645956	0.871403412636	0.0142866488515	0.0142884721903	0.0142881119352	0.0142861004236	0.0142898157809
0.0125001322229	0.0125007968431	0.0125021870049	0.0125007448661	0.0125013573567	0.0125001676824	0.0125005543825	0.0125000430442	0.0125005883229	0.887493428274
0.0250055504622	0.0250077576854	0.025013865325	0.0250082615452	0.0250044302095	0.0250165973929	0.0250011159553	0.774934460902	0.0250008265384	0.0250071339843
0.0142865972106	0.0142861032027	0.0142890762638	0.0142875644268	0.871414139711	0.0142864138601	0.0142884287073	0.0142892357592	0.0142866082709	0.0142858325874
0.16117095127	0.324171400627	0.456315062275
0.924986176607
0.960865292098
0.0100011730045	0.0100008377793	0.0100061797639	0.909982790622	0.010002129203	0.0100006723257	0.0100028680761	0.0100003495513	0.0100025908749	0.0100004087989
0.0166670938107	0.0166671049447	0.0166669697682	0.0166669493215	0.0166666674973	0.0166668741774	0.849996353643	0.0166675347562	0.01666734932	0.0166671027615
0.0200024751972	0.0200000003181	0.0200008395967	0.0200000050202	0.0200032532091	0.0200055836176	0.43820572253	0.0200033006983	0.401777851875	0.0200009679378
0.0200010846074	0.0200012768282	0.0200032112575	0.020002085913	0.819982473772	0.0200023643486	0.0200006307534	0.0200009402971	0.0200045009598	0.020001431263
0.012500539506	0.012500617766	0.0125002700447	0.0125020965711	0.0125020413376	0.0125011152697	0.0125009384892	0.887490895087	0.0125011655319	0.0125003203963
0.0166690011912	0.0166704818363	0.0166688281416	0.0166681178661	0.0166688890776	0.016670043286	0.849973334435	0.0166723203104	0.0166688657055	0.01667011815
0.020003167737	0.0200016761962	0.0200000128785	0.819972580144	0.0200029590792	0.0200025881368	0.0200076380514	0.0200031928819	0.0200035565357	0.0200026283593
0.304370711253	0.11497995777	0.509249555242	0.0507043264116
0.947047107585
0.02500931354	0.0250019434507	0.0250003848818	0.0250058480909	0.0250129376813	0.025006848185	0.0250012952159	0.774950359211	0.0250105643489	0.025000505394
0.924982807279
0.283669123732	0.0111145368481	0.0111124029844	0.0111144116794	0.0111156293317	0.0111140052567	0.0111113787884	0.0111128007171	0.627423252616	0.0111124580466
0.033336939687	0.0333376434737	0.0333341072807	0.0333339014286	0.033340650878	0.0333333333537	0.0333333333728	0.0333350254718	0.699981731682	0.0333333333721
0.930756038131
0.951685852247	0.0233079171146
0.947047457625
0.0142872146313	0.014286892612	0.0142881024701	0.0142884977055	0.871410184495	0.0142878658978	0.0142893743623	0.014286144121	0.0142868768733	0.014288846832
0.0500228799266	0.0500100286141	0.0500026489377	0.0500146873582	0.0500052282849	0.0500137712828	0.0500123099068	0.0500050106518	0.0500077390206	0.549905696016
0.0111125542479	0.0111141322395	0.0111125632038	0.0111129249212	0.0111124449507	0.0111126437829	0.0111129017171	0.0111129315737	0.0111129943899	0.899983908973
0.0111131121329	0.0111133975194	0.0111130685247	0.0111132603793	0.0111143824526	0.0111135238459	0.899979378241	0.0111145428098	0.0111114645459	0.0111138695484
0.010003422006	0.319688705194	0.0100004544712	0.0100024263506	0.010002348502	0.0100013631586	0.0100024612724	0.0100002804784	0.0100020728565	0.600296465711
0.845133738378	0.0933119479515
0.162509801715	0.806710950911
0.0125025816866	0.0125048941181	0.0125027894548	0.0125026475734	0.42628136199	0.473698412699	0.0125006933897	0.0125020743261	0.0125024459806	0.0125020987807
0.0111138013587	0.0111121132466	0.0111140309701	0.0111142902625	0.436663199827	0.272860847713	0.0111132139199	0.212681186189	0.0111131222673	0.0111141942461
0.943743622592
0.947048943768
0.959084137725
0.887475770731	0.0125035285695	0.0125013208205	0.0125046673845	0.0125035309198	0.0125022325127	0.0125034416151	0.0125015087496	0.0125018921891	0.012502106508
0.871416142243	0.0142863443453	0.0142897451095	0.0142883169754	0.0142867988055	0.0142866192872	0.0142865610885	0.0142859743599	0.0142865604837	0.0142869373018
0.957128394441
0.947046037716
0.815785082104	0.122667042727
0.483298797292	0.443962000991
0.205420540121	0.733029605906
0.840267120541	0.106390388417
0.935703084357
0.971868494466
0.912812777736	0.0666710692963
0.0500023650765	0.0500093411983	0.0500043501317	0.0500000000262	0.0500027280565	0.0500000000273	0.0500019119219	0.549979303417	0.0500000000366	0.0500000001077
0.0500023762693	0.050012875794	0.0500043699824	0.0500000000263	0.0500027409976	0.0500000000274	0.0500019209282	0.54997571583	0.0500000000368	0.0500000001082
0.0250051179525	0.025003357875	0.0250044929328	0.0250069167821	0.025001194398	0.0250030496038	0.0250032097298	0.774950326245	0.0250011465084	0.0250211879725
0.0200000000194	0.0200000624614	0.0200003710839	0.0200004634974	0.0200004624326	0.81999655	0.0200000000305	0.0200000000194	0.0200020904351	0.0200000000206
0.0200000000194	0.0200000624464	0.0200003709749	0.0200004633561	0.0200004622979	0.819996724959	0.0200000000305	0.0200000000194	0.0200019158758	0.0200000000206
0.0200000000194	0.0200000625128	0.0200003713748	0.020000463861	0.0200004628086	0.819995847456	0.0200000000306	0.0200000000194	0.0200027918973	0.0200000000206
0.0200000000194	0.0200000625151	0.0200003713911	0.0200004638949	0.0200004628245	0.819995812382	0.0200000000306	0.0200000000194	0.0200028269021	0.0200000000206
0.0200000000194	0.0200000624717	0.0200003711404	0.0200004635666	0.0200004625204	0.8199964215	0.0200000000306	0.0200000000194	0.0200022187113	0.0200000000206
0.0200000000194	0.0200000624662	0.0200003710973	0.0200004635252	0.0200004624538	0.819996490647	0.0200000000305	0.0200000000194	0.020002149721	0.0200000000206
0.0250029942749	0.278458879689	0.0250002859959	0.0250000000776	0.0250000005089	0.521531416454	0.0250000001711	0.0250039148472	0.0250007730862	0.0250017348958
0.0111153535647	0.0111154286253	0.0111130735168	0.899978548636	0.0111143859703	0.0111125057817	0.0111123288012	0.0111123043373	0.0111143932479	0.0111116775192
0.0333354416065	0.0333355337306	0.0333333460596	0.0333342150129	0.0333383059778	0.0333333333738	0.0333339954051	0.0333333333835	0.699989162062	0.0333333333882
0.685548265172	0.247772673926
0.949990783736
0.202164785495	0.308066479725	0.258967426562	0.199214279878
0.819994844709	0.02000000006	0.020002597321	0.0200000000401	0.0200000000486	0.0200000000468	0.0200000000994	0.0200025575256	0.0200000000842	0.0200000000649
0.973526976874
0.0100014764964	0.0100045482716	0.0100004895202	0.0100017171568	0.0100012115864	0.0100013836337	0.0100017441895	0.0100012062112	0.909984305888	0.0100019170462
0.011112094822	0.0111135091487	0.0111121974024	0.211855056179	0.0111135606867	0.0111128395242	0.0111129836074	0.0111135852504	0.699242072139	0.0111121012399
0.0111124122335	0.0111130666172	0.208628642322	0.0111118215128	0.0111134335139	0.0111135050915	0.0111130712788	0.0111128569313	0.702468343487	0.011112847012
0.201246603122	0.176273474765	0.606197076066
0.985935024606
0.924986198471
0.0166721953666	0.377970780993	0.0166673081631	0.0166687212149	0.0166690334135	0.0166693289117	0.488677657157	0.01666927883	0.0166680263538	0.0166676695964
0.0125007035478	0.235682749291	0.0125035918281	0.0125009962861	0.0125004490854	0.0125010032243	0.0125004235454	0.0125027093773	0.664306937906	0.0125004359092
0.0125005258569	0.887485824351	0.0125004554788	0.012501787613	0.0125013994476	0.0125029977082	0.0125041380387	0.0125019237067	0.0125009477746	0.0125000000244
0.0200016616044	0.0200036118138	0.0200000082735	0.020010645351	0.0200008452622	0.0200014495231	0.819975331303	0.0200033200781	0.0200008691355	0.0200022576555
0.969995256511
0.0200051590655	0.0200033381548	0.0200022098257	0.0200035345282	0.0200052882829	0.0200016618928	0.0200003637498	0.0200050279514	0.819970837694	0.0200025788547
0.597599204684	0.369060257831
0.0125007074892	0.0125022880403	0.0125001336651	0.0125041505122	0.626819544938	0.273169216619	0.0125011377689	0.012500639113	0.0125009665802	0.0125012152735
0.949990752285
0.918171966483
0.796510976495	0.136808060055
0.959085730507
0.418084730221	0.520366406664
0.0142867317479	0.0142863720244	0.0142858024847	0.0142866346474	0.0142861702326	0.0142861715463	0.0142861231987	0.0142860517467	0.0142871168208	0.871422825551
0.0125024305	0.0125024537691	0.012500927868	0.170208998098	0.0125023591348	0.0125012977322	0.0125041599834	0.729774393049	0.0125020229892	0.0125009568761
0.0166677017809	0.0166670386059	0.0166671145259	0.849989442154	0.0166687808222	0.0166685111808	0.0166688638324	0.0166671378125	0.0166671415696	0.0166682677157
0.930755050928
0.012502271415	0.0125019821382	0.0125006689316	0.0125012498539	0.0125003429673	0.0125008232207	0.887483090684	0.0125012468883	0.0125034249248	0.0125048989766
0.215413318617	0.75600684039
0.0100010607684	0.0100010460779	0.383677132702	0.0100014053116	0.0100006407862	0.0100013002122	0.0100002337948	0.536314953756	0.010000603044	0.0100016235467
0.395011904782	0.251522590537	0.344713103704
0.14100488422	0.832324244472
0.0166666666817	0.0166666666896	0.0166668058012	0.0166676289335	0.016667624827	0.0166668956886	0.0166669735558	0.849996605815	0.0166671244532	0.0166670075547
0.533801824147	0.41285290928
0.930752592878
0.939984111185
0.909975849692	0.0100024895277	0.010001265913	0.0100027025515	0.0100025304698	0.0100013792768	0.010002683721	0.0100019267862	0.0100033610444	0.0100058110173
0.924975376508
0.575064819319	0.180098133478	0.221498476887
0.488068737421	0.47192270165
0.789951888339	0.0100006589427	0.130038150868	0.0100015249276	0.0100013859733	0.0100013077384	0.0100004520796	0.0100004163275	0.0100020576473	0.0100021571566
0.615708544822	0.339833495315
0.445118283466	0.504864859223
0.580037502022	0.381861284154
0.960866820914
0.836675500006	0.125221616132
