0.0142857157659	0.0142863914861	0.0142858439596	0.678690603094	0.0142870781288	0.014286812357	0.0142857985546	0.207020154417	0.014285714287	0.0142858879503
0.0166721346996	0.0166704445973	0.0166726057307	0.350000513599	0.349982841624	0.0166671121442	0.0166666666711	0.0166681382526	0.183332876007	0.0166666666742
0.25708733711	0.0592036777269	0.154775536148	0.340230239215	0.172570748047	0.00322635825465	0.00322626706266	0.00322745523802	0.003226119587	0.00322626161053
0.472872267893	0.00454872401704	0.0577608005398	0.140909316987	0.00454554604575	0.00454715135201	0.00454769548703	0.00454594157561	0.145765132506	0.159957423597
0.0038465522112	0.00384676298688	0.054459758294	0.631670527099	0.286942870989	0.00384657471838	0.00384646041181	0.0038473536812	0.00384635616503	0.00384678344318
0.00588301984192	0.227425691089	0.132057211838	0.429344186232	0.00588254227644	0.00588363930406	0.00588305910561	0.175874185062	0.00588352228581	0.00588294296483
0.344443813323	0.0111117926065	0.237847605374	0.339925644998	0.0111118292544	0.0111118935538	0.0111117566669	0.0111127677751	0.0111112555492	0.011111640899
0.00526353576143	0.00526376019854	0.00526322219262	0.00526375343085	0.00526329759502	0.00526322067739	0.887471684986	0.0052632795706	0.0704210562019	0.00526318938538
0.00833348064209	0.189472667266	0.00833348047345	0.00833334195065	0.00833354244476	0.0947715023655	0.657421372487	0.00833357873226	0.00833360720179	0.00833342643737
0.0142875912213	0.0142875427898	0.0142857988949	0.499004338477	0.0142857142874	0.386693339101	0.0142881274841	0.0142894024085	0.0142904176421	0.0142877276933
0.0250037555345	0.0250038324048	0.0250001692628	0.452556318499	0.0250000000034	0.347409702328	0.025005007066	0.0250074823183	0.0250095863352	0.0250041462484
0.0058833779906	0.0900015386111	0.00588271977098	0.00588236160688	0.00588241499697	0.00588255123731	0.862936766504	0.0058825953911	0.00588324644908	0.00588242744224
0.00833440952956	0.00833396706934	0.0083344839042	0.0083333424294	0.00833360232445	0.00833380292499	0.65489129441	0.117648504108	0.00833459135439	0.169122001945
0.00263171196766	0.00263254063682	0.00263181453255	0.00263175211921	0.00263197353986	0.00263215742611	0.976311693292	0.00263183194731	0.00263252065553	0.00263200388308
0.00833447543971	0.00833627397929	0.00833392989747	0.00833357985475	0.00833368977865	0.00833459215341	0.794409572454	0.00833363896938	0.138916072156	0.00833417531691
0.0100002359762	0.0100048809682	0.0100002357032	0.119728801358	0.0100005113592	0.010002793199	0.676632979015	0.0100003057278	0.13362910755	0.0100001491431
0.00588250895363	0.00588502582582	0.00588290831003	0.00588256828378	0.00588310155697	0.00588348895939	0.947048624309	0.00588281267992	0.00588528813039	0.00588367299143
0.145272333378	0.0481571083047	0.0384420698766	0.00312515806624	0.00312543190802	0.00312586308496	0.674000745061	0.0784992425953	0.00312549017479	0.00312655754973
0.00454625084062	0.00454693192506	0.00454567543234	0.0045455240923	0.00454560489118	0.00454642045244	0.95908578207	0.00454587285505	0.00454625432384	0.00454568311694
0.00188700373009	0.15172882549	0.00188710076283	0.0227672481974	0.00188695278989	0.00188751423308	0.812293334965	0.00188706196647	0.00188729909433	0.00188765877167
0.00263212674896	0.146806051902	0.00263197164662	0.00263193093803	0.00263175785494	0.00263210371669	0.655125011569	0.00263213889518	0.0769895620644	0.105287344664
0.00588321001337	0.00588390343795	0.00588316707741	0.00588305166189	0.00588252665176	0.00588324922111	0.843218040046	0.00588333694262	0.109716235961	0.00588327898682
0.0038461659255	0.00384665865624	0.00384735983734	0.00384616855795	0.00384688937229	0.106532309773	0.504416365052	0.362125341149	0.00384622670316	0.00384651497319
0.349832660244	0.0022734918647	0.00227495253576	0.00227381517974	0.00227370026623	0.068942002853	0.00227375219379	0.469992667517	0.0975893970617	0.00227356028436
0.00555564770965	0.00555644846105	0.0055559771792	0.0662117591244	0.158055759923	0.00555580464026	0.00555729892693	0.671755279856	0.0706391456597	0.00555687852005
0.00769373929349	0.00769407456775	0.00769455168708	0.00769233161341	0.169625499715	0.00769252726627	0.122489913444	0.654030914616	0.00769414010288	0.00769230769436
0.00119090320504	0.00119084870315	0.132264036732	0.00119050920051	0.235238094063	0.0399788293563	0.130044803661	0.351982133137	0.00119082864549	0.105729013296
0.00769532299544	0.00769284604087	0.00769364150959	0.0848482781623	0.00769230770411	0.105400278768	0.755898031664	0.0076927481057	0.0076929966845	0.00769354836519
0.143782934659	0.00400016880906	0.00400023734918	0.00400016723161	0.00400017328751	0.00400015966688	0.824214141243	0.00400022036595	0.00400100068431	0.00400079670349
0.39304895219	0.0200042451209	0.0200120653065	0.0200082824615	0.0200000405445	0.0200000000051	0.446908823104	0.0200002263019	0.0200127802443	0.0200045847209
0.0111129288358	0.0111129906436	0.0111155574663	0.0111112234546	0.0111118300294	0.0111115448427	0.0111130199957	0.011112677921	0.899985719239	0.0111125075716
0.0142864306428	0.014286764139	0.0142911598308	0.0142857142882	0.0142889133872	0.0142859184098	0.871410579572	0.0142872963459	0.014291218304	0.0142860050804
0.00526356283364	0.00526554908248	0.00526338106904	0.00526334700483	0.00526430125456	0.00526398829609	0.00526448919602	0.952622117177	0.00526502871917	0.00526423536685
0.0125003036444	0.253935239699	0.0125027437204	0.0125009218973	0.0125032242544	0.0125016639818	0.01250016425	0.646054341167	0.012500860082	0.0125005373045
0.23081433597	0.195825634869	0.00833574859131	0.00833389823807	0.00833528846197	0.00833433516254	0.104638812424	0.41871389594	0.00833443408301	0.00833361626123
0.00263165757975	0.0685745353586	0.00263230009387	0.00263211992347	0.117023683557	0.00263203242692	0.00263193670456	0.68097688621	0.00263204754014	0.117632800606
0.0066670694105	0.00667094831643	0.00666686787072	0.00666848585953	0.00666810512579	0.00666751394533	0.00666697168288	0.939988871963	0.00666751315398	0.00666765267174
0.00526336218981	0.142320241344	0.0829312938643	0.00526462310951	0.178553067851	0.00526337656034	0.00526371738626	0.564613493635	0.00526342372379	0.00526340033629
0.109946025066	0.00333483155529	0.197217173492	0.00333346751446	0.209855827467	0.00333368282408	0.00333354495353	0.462975788763	0.00333461318974	0.00333504517439
0.0142865278566	0.0143005942277	0.0142857684018	0.0142862973539	0.0142890013202	0.0142872201575	0.0142865785586	0.871398941712	0.0142900573342	0.0142890130773
0.00357152449551	0.103084292155	0.00357188592851	0.00357152191698	0.00357185721417	0.00357167415617	0.74302997885	0.00357186155869	0.128882868771	0.00357253495297
0.160111338116	0.0125009090488	0.0125042928725	0.0125000000188	0.415670708115	0.0125015617439	0.0125040971906	0.012500982256	0.0125055976134	0.336700513026
0.00714382903716	0.00714295235927	0.00714324564889	0.00714285714459	0.0071430174707	0.00714299223648	0.42200781459	0.00714332600505	0.520846207217	0.00714375829084
0.0200000000056	0.0200000000032	0.0200075806261	0.0200000000071	0.0200041253204	0.0200016775196	0.819985570702	0.0200005353125	0.0200005104997	0.0200000000036
0.105875654746	0.554484989414	0.00333412463295	0.00333362267763	0.0033350884483	0.116177355904	0.153969762723	0.0528199958474	0.00333441077939	0.00333499482809
0.0111125342583	0.178444655984	0.0111114890964	0.0111111111168	0.0111123363166	0.0111135154876	0.732659045299	0.0111112890338	0.0111125899509	0.0111114334573
0.379834283742	0.174059096627	0.17270408176	0.00714495309056	0.00714414158092	0.00714524311222	0.230536216415	0.00714435174514	0.00714354619052	0.00714408573713
0.0682802359873	0.00277848510395	0.105519577297	0.0604368069419	0.00277834447564	0.00277903247779	0.281388864252	0.138482808201	0.100546376117	0.237009469146
0.0473635860776	0.00277817978863	0.00277802117358	0.0342920948684	0.00277791018548	0.0780637469554	0.179850250577	0.00277802279989	0.0676721442013	0.581646043372
0.328534240271	0.130784536446	0.00185258778311	0.110655677475	0.00185209959855	0.00185252484524	0.0617618283544	0.00185265960808	0.103772476217	0.257081369401
0.350609127863	0.221453294547	0.00322623269404	0.0499078008002	0.00322609999593	0.00322708160624	0.117143857393	0.00322609876892	0.00322641828877	0.244753988043
0.429657109152	0.410329330783	0.0200001607094	0.0200025246427	0.0200032505751	0.0200029909451	0.0200003631659	0.0200032816023	0.0200004668676	0.0200005215568
0.025000000002	0.0250023534633	0.0250003416717	0.0250000000026	0.0250005650324	0.0250000000018	0.0250006858376	0.0250000385001	0.774994438789	0.0250015767
0.025000000002	0.0250023430582	0.0250003416861	0.0250000000026	0.0250005650647	0.0250000000018	0.0250006858612	0.0250000385016	0.774994424996	0.0250016008258
0.025000000002	0.0250023551867	0.0250003416732	0.0250000000026	0.0250005650379	0.0250000000018	0.0250006858382	0.0250000385003	0.774994436301	0.0250015774565
0.0200000103156	0.0200029906374	0.819959570269	0.0200000000064	0.0200048621421	0.0200045351941	0.0200034800998	0.0200014441377	0.0200053164207	0.0200177907769
0.0500000000061	0.0500000000036	0.549999999957	0.0500000000079	0.0500000000054	0.0500000000053	0.0500000000024	0.0500000000037	0.0500000000049	0.050000000004
0.849999999968	0.0166666666694	0.01666666667	0.0166666666727	0.0166666666708	0.0166666666708	0.0166666666685	0.0166666666695	0.0166666666704	0.0166666666698
0.0111168216033	0.477362948024	0.011111111112	0.0111111111127	0.0111111111122	0.0111114100187	0.011111311103	0.0111125687403	0.433740496062	0.0111111111119
0.0166667148791	0.0166666666693	0.016666733947	0.0166668334781	0.0166672772516	0.0166676601757	0.0166737369104	0.0166680965978	0.849988474839	0.0166678052526
0.1	0.1	0.1	0.1	0.1	0.1	0.1	0.1	0.1	0.1
0.0142866473744	0.299998749344	0.0142857142903	0.0142883367281	0.442854925074	0.0142857142915	0.014285936127	0.0142857142897	0.157142548191	0.01428571429
0.159078310572	0.409931289136	0.235981553195	0.00454588456207	0.167731616149	0.00454579892272	0.00454677996955	0.00454576260313	0.0045466867628	0.00454631812711
0.00416773611908	0.175691316784	0.00416789695944	0.00416708935094	0.735641194275	0.00416772326335	0.00416732344463	0.00416733945411	0.0041669473231	0.0594954330262
0.0166682283568	0.849997855713	0.0166666666676	0.0166666666685	0.0166666666679	0.0166666666679	0.0166668492382	0.0166666666675	0.0166670666852	0.0166666666676
0.0050003585451	0.00500039048775	0.0721349333538	0.0050003090132	0.00500078143657	0.00500176317416	0.00500113196838	0.554346026655	0.117602925435	0.225911379931
0.0333420954854	0.0333333333347	0.0333337278025	0.0333425159913	0.0333333333354	0.0333387509155	0.033335842488	0.699956578006	0.033346870911	0.0333369517297
0.0142859565757	0.0142864714145	0.0142872123972	0.3062023232	0.014286322152	0.0142858762392	0.0142857142875	0.0142880231756	0.0142911306922	0.579500969866
0.0333333333408	0.0333333333377	0.0333333333386	0.033333333343	0.0333333333399	0.0333333333399	0.0333333333362	0.0333333333379	0.0333333333393	0.699999999947
0.00400197694768	0.00400132127401	0.1870795278	0.0897685318637	0.00400090202508	0.00400098484315	0.00400095727161	0.589730635298	0.00400073333152	0.109414429346
0.0100001894909	0.459791844485	0.0100018175189	0.0100023923556	0.313778587529	0.15641350735	0.0100030086693	0.0100031764512	0.0100050157187	0.0100004604311
0.0083342697054	0.373681087106	0.00833453477821	0.00833335304066	0.00833369505944	0.559645989336	0.00833457297355	0.00833420060724	0.00833398994633	0.00833430744812
0.0250000000033	0.0250000000019	0.774999608626	0.0250000000042	0.0250000000029	0.0250000000028	0.0250000000012	0.025000000002	0.0250000000026	0.0250003913532
0.00476241728589	0.00476396059944	0.596180483613	0.00476242060459	0.00476269687851	0.00476366803657	0.365713563043	0.00476437402975	0.00476314837994	0.00476326752945
0.0333333333633	0.0333333333507	0.0333333333542	0.0333333333717	0.0333333333596	0.0333333333594	0.69999999978	0.0333333333515	0.0333333333571	0.0333333333529
0.00833387658393	0.216210107421	0.520630914583	0.00834011309673	0.0966463850361	0.00833365665128	0.116495748805	0.00833648545761	0.00833676160272	0.00833595076184
0.00833385464949	0.00833340060624	0.313424218284	0.00833333334185	0.438517611324	0.0920499453715	0.106004794442	0.00833475358946	0.00833408313593	0.00833400525579
0.0166805942719	0.0166666669978	0.386738847956	0.0166666673928	0.0166666671649	0.0166685741494	0.479885483207	0.016668851488	0.0166835029087	0.0166741444641
0.175458672877	0.00625286040302	0.138851690693	0.00625094762041	0.00625102862215	0.191048349536	0.457132939104	0.00625124624382	0.00625180158789	0.00625046331315
0.136262020528	0.00322692526584	0.673824170835	0.0398242020853	0.0032262901882	0.00322680852046	0.130728333831	0.00322723353419	0.00322680744942	0.00322720776206
0.00588271283975	0.00588285761076	0.251659009674	0.00588247734139	0.00588358990611	0.00588367704499	0.177781747259	0.470555133836	0.0647058898787	0.00588290460875
0.00588528182286	0.539209657344	0.00588847703035	0.272859501813	0.14673524973	0.00588291606927	0.0058827352511	0.00588457411579	0.00588564127976	0.00588596554389
0.0250000000116	0.0250000000067	0.0250020282127	0.324631940992	0.0250000000102	0.475352725985	0.0250000000044	0.0250111668215	0.0250021379488	0.0250000000076
0.00666759205185	0.00666833630755	0.176352085349	0.139997139263	0.00666765951783	0.133018243519	0.00666689029166	0.00666759258159	0.510623888288	0.00667057283009
0.0832744999232	0.244762678668	0.00322717501608	0.00322625427329	0.482553753933	0.00322626795358	0.00322644210011	0.0032269916411	0.0978407810935	0.0754351553976
0.0192893583517	0.0302839187981	0.0414247385573	0.141894690004	0.148504780773	0.06153276106	0.0214316037192	0.138300004821	0.0569130582099	0.340425085707
0.00526344945121	0.234840723484	0.0052634056107	0.00526373420733	0.0052636591426	0.0869031727774	0.00526401622774	0.00526443496306	0.219907465975	0.426765938161
0.00357196401184	0.00357171431049	0.074019359329	0.130953314625	0.241501973859	0.00357350880665	0.1704390697	0.00357164355478	0.00357233914317	0.365225112661
0.0333333333353	0.0333333333345	0.0333333333347	0.0333333333358	0.033333333335	0.033333333335	0.0333344720131	0.0333333333345	0.699996091785	0.0333361028566
0.275000224852	0.0250056509578	0.235856352797	0.0250067035006	0.0250086344558	0.0250089435945	0.0250079833496	0.314105143852	0.0250003626328	0.0250000000068
0.00454649336461	0.00454620461511	0.00454707503311	0.154267265783	0.160070905988	0.193535545385	0.00454602031315	0.27476487685	0.194629428268	0.0045461844009
0.10850001597	0.574401655472	0.00909108380448	0.25345797387	0.00909167633244	0.00909143906022	0.0090914232234	0.00909151263039	0.00909193004357	0.00909128959291
0.125323235309	0.378326340732	0.172857392798	0.168492415702	0.123746383734	0.00625033941901	0.00625107393817	0.00625095336722	0.00625116681894	0.00625069818105
0.00416687979121	0.368886614869	0.138245253494	0.129100308135	0.00416728977852	0.00416838538983	0.00416759011774	0.148647917468	0.19428277266	0.00416698829649
0.0100004445308	0.775265573905	0.0100006776521	0.0100080070379	0.0100037775378	0.144714197078	0.010000773735	0.010001626842	0.0100024756144	0.0100024460661
0.250730264854	0.204947846733	0.0142910317507	0.0142860856014	0.444307629937	0.0142857142961	0.0142885811077	0.0142868976678	0.0142867123613	0.0142892356909
0.135670761143	0.201403078201	0.128248078055	0.0548129301826	0.00370512033354	0.00370407597832	0.131693107386	0.00370563601455	0.228905409909	0.108151802797
0.090540319746	0.00769533940658	0.00769722088421	0.541726710058	0.00769512945896	0.233294551	0.00769240395724	0.00769409971425	0.00769304700431	0.0882711787707
0.00312576115303	0.00312573142021	0.0469457635036	0.628185324036	0.00312589369724	0.128180749631	0.00312523985757	0.00312577865998	0.17793439593	0.00312536211137
0.00833426556396	0.527482482884	0.309809858264	0.104365507992	0.00833388440561	0.00833399647996	0.00833502746693	0.00833537322578	0.00833500753924	0.00833459617895
0.0111146971713	0.0111111112028	0.0111112967239	0.122226266594	0.0111111112499	0.138045131479	0.265844379015	0.407204014178	0.0111178919159	0.0111141004706
0.00344846131241	0.528012258221	0.044345432304	0.00344843210885	0.0855458452777	0.0549192648172	0.218511795008	0.0034486061573	0.0034494397008	0.0548704650927
0.00625016444645	0.00625092662291	0.298255920076	0.00625103803664	0.288392439897	0.00625006318528	0.119407288541	0.00625184701475	0.00625069418474	0.256439617995
0.149972930174	0.00434838036728	0.234574534527	0.137491498973	0.151509016333	0.00434876298697	0.148382230877	0.160674367182	0.00434979097656	0.00434848760342
0.0111113537484	0.0111139803653	0.130960796598	0.0111122850863	0.78013920048	0.0111153876282	0.0111116815847	0.0111128751427	0.0111113282491	0.011111111118
0.00555658621039	0.00555614448492	0.152842881148	0.0055563193912	0.00555585011193	0.802705701383	0.0055563950752	0.0055562724624	0.00555742614935	0.00555642358358
0.00294122879769	0.00294133968011	0.00294239820874	0.00294126593371	0.0533708060011	0.0565266864391	0.535421116494	0.293034330951	0.00294221653969	0.046938610955
0.00833333333658	0.114911416993	0.00833443847157	0.0083333333375	0.00833503904455	0.00833664543025	0.568414068791	0.00833451126501	0.258333433872	0.00833377945915
0.00714572008091	0.00714788919424	0.00714396108175	0.00714286530373	0.00714294534356	0.00714405098511	0.935700672274	0.0071431248436	0.00714340963818	0.00714536125482
0.014286078419	0.0142857142866	0.0142861613019	0.0142857142877	0.0142857142871	0.0142857142871	0.0142859647221	0.0142858749831	0.0142859497259	0.871427113699
0.00833629679881	0.00833727983895	0.00833855354197	0.00833348469998	0.00833417351577	0.213708115552	0.719603852345	0.00833417915151	0.00833768618528	0.00833637837033
0.0250086037583	0.0250173054695	0.0250026696686	0.0250000000223	0.0250000000152	0.0250000000151	0.774970567985	0.0250008530409	0.0250000000138	0.0250000000113
0.011116046046	0.0111141670273	0.011111368887	0.0111131951476	0.0111111111153	0.0111136758949	0.621584222072	0.0111116015683	0.289512267618	0.0111123446234
0.0142857142869	0.0142871699445	0.0142860347829	0.0142857142872	0.0142862757076	0.0142864446771	0.871424337015	0.0142858873787	0.0142863316209	0.0142860902992
0.10239977045	0.721813404805	0.112142711653	0.00909095699813	0.00909346850285	0.00909132089382	0.00909165701433	0.00909180810165	0.00909161683727	0.00909328474431
0.00322609912102	0.00322592476374	0.00322676472401	0.0798012866223	0.52711811104	0.270466437453	0.00322631517093	0.00322638535875	0.00322678609236	0.103255889655
0.69999999999	0.0333333333342	0.0333333333343	0.0333333333352	0.0333333333346	0.0333333333346	0.0333333333339	0.0333333333342	0.0333333333345	0.0333333333343
0.016667904492	0.3499993577	0.0166667224774	0.01666796467	0.0166666666755	0.0166674322944	0.0166670214657	0.0166684048458	0.516661347184	0.0166671781956
0.1	0.1	0.1	0.1	0.1	0.1	0.1	0.1	0.1	0.1
0.887485384441	0.012501092866	0.0125004507513	0.0125003931426	0.0125014681097	0.0125010268378	0.0125008672039	0.0125023339649	0.0125051040011	0.0125018786821
0.286693941633	0.00909104068022	0.00909099419021	0.271774832259	0.00909136806373	0.00909108431641	0.00909182542479	0.195857579443	0.191126213609	0.00909112038068
0.0200173574011	0.0200007655373	0.020003016521	0.0200071796205	0.0200000000029	0.0200005877078	0.819960937756	0.0200015490348	0.0200038657849	0.0200047406338
0.601517216572	0.0100007139176	0.0100018840804	0.0100000240444	0.0100008312568	0.0100005388918	0.0100009101168	0.010001578927	0.0100023568282	0.318473945365
0.00454603986899	0.0045469965196	0.0045466052287	0.00454556048939	0.00454581717338	0.00454656418655	0.0814426323683	0.00454592503678	0.259267586023	0.627466273105
0.0333352866329	0.699943656719	0.0333404946146	0.0333342243283	0.0333405735148	0.0333394514773	0.033333333334	0.033340992916	0.0333464178797	0.033345568583
0.699998369781	0.0333333333336	0.0333333333337	0.0333333333339	0.0333333333337	0.0333333333337	0.0333349437829	0.0333333333336	0.0333333531	0.0333333333336
0.300000229907	0.0142883337115	0.0142937991488	0.0142857142912	0.0142857142895	0.0142880863177	0.585689668229	0.0142877928869	0.0142881935648	0.014292467654
0.00217405564125	0.00217458352761	0.0510001207429	0.00217402256077	0.00217454048956	0.0517183776404	0.244956065094	0.00217423778309	0.0645971125135	0.576856884007
0.00714300116387	0.198023384966	0.00714300851984	0.00714377277634	0.00714389484951	0.00714307280717	0.00714392014706	0.245980503838	0.00714327441702	0.505992166515
0.00769230780146	0.243063071517	0.0076939924013	0.00769451897674	0.238444173114	0.098178499272	0.00769437453322	0.00769327587122	0.00769431014869	0.374151476365
0.00500009442246	0.00500018331599	0.0766333132466	0.00500027369361	0.00500064166896	0.211560947315	0.162997421317	0.0628920380992	0.159598389191	0.30631669773
0.113078563953	0.151721250639	0.00666918176011	0.00666713305262	0.00666666667127	0.00666778688446	0.00666876402171	0.00666679918744	0.167758226175	0.527435627655
0.0665301754908	0.00285747174738	0.0350301862867	0.0944759357231	0.00285761577476	0.0349720784274	0.452637912181	0.0809702942859	0.00285749371662	0.226810836366
0.0090931982741	0.00909107922685	0.00909186605389	0.00909422251313	0.00909113909896	0.114241143671	0.00909120581442	0.10221504934	0.00909131681427	0.719899779193
0.0125000015912	0.0125000009235	0.387425653287	0.0125000020417	0.0125000013987	0.0125000013852	0.512574336109	0.0125000009662	0.0125000012606	0.0125000010374
0.016666666694	0.0166681325097	0.408647794141	0.169913261653	0.0166666666907	0.0166666666904	0.183332889185	0.0166687288562	0.0166666666883	0.138102526892
0.00588334186667	0.00588377802021	0.128592225438	0.00588314110553	0.00588406864986	0.00588300366375	0.00588255487041	0.27982893935	0.00588292839824	0.550396018637
0.0142874342099	0.014288987644	0.0142911090197	0.0142857707448	0.0142892557511	0.0142860638386	0.0142891166455	0.0142886318894	0.546301996489	0.339391633768
0.00833540724885	0.00833378329015	0.341665694031	0.00833333334167	0.00833333844757	0.008333333339	0.591663087223	0.00833410630331	0.00833364216897	0.00833427460673
0.0016672640727	0.179157712454	0.127502561385	0.00166712578451	0.00166711567742	0.00166679045495	0.127153744795	0.141702175978	0.00166696983828	0.416148539561
0.0111119401736	0.0111128130509	0.0111129676483	0.0111150815024	0.0111135628165	0.0111114883562	0.0111116499048	0.0111135970482	0.0111117691223	0.899985130377
0.0116214293312	0.000943673974064	0.152506545292	0.0225941630601	0.089447912315	0.000943643193303	0.143369602028	0.138287846943	0.000943617146468	0.439341566717
0.0303850344542	0.00137002590239	0.00137001311251	0.0631110141909	0.00137010970718	0.00136996134603	0.393939849863	0.0403686347706	0.00137004895144	0.465345307702
0.0066667688158	0.00666754337187	0.00666745014247	0.00666873762974	0.154132591774	0.00666716058612	0.00666702900705	0.0066682382375	0.00666666740277	0.792527813032
0.00625016084717	0.548832032359	0.00625102553493	0.00625031901241	0.068750019946	0.338659384013	0.00625068735096	0.0062527731595	0.00625044977064	0.00625314800611
0.0111113397626	0.674545741014	0.0111111959806	0.0111111111222	0.125442113138	0.122222367836	0.011111281446	0.0111177381667	0.0111120375923	0.0111150739415
0.00555646091974	0.162678361871	0.00555613295681	0.148629593179	0.00555580764176	0.291540403311	0.217605804738	0.00555681999044	0.00555687220243	0.15176374319
0.00303047608866	0.470400139079	0.00303080653807	0.0404920147638	0.00303066072585	0.294876986665	0.00303061823749	0.0501981684044	0.00303092680483	0.128879202693
0.0125001769674	0.0125032121671	0.0125000043449	0.012500000018	0.887494056849	0.0125002187839	0.0125002165141	0.0125001934751	0.0125010795118	0.0125008413685
0.152195008564	0.0560473198554	0.235004129628	0.00476194998852	0.528177701594	0.00476289046626	0.00476229746438	0.0047624502697	0.0047625391553	0.00476371301457
0.162722192405	0.016666666695	0.0166666667007	0.0166666667299	0.516665528159	0.0166685432652	0.203939887449	0.0166666666964	0.0166681203707	0.0166690615285
0.0200000000516	0.219999907641	0.219976237088	0.0200000000662	0.419999036357	0.0200000000449	0.0200047694993	0.0200048033108	0.0200082962223	0.0200069497186
0.0250000000438	0.0250042296474	0.025004257405	0.0250000000561	0.774974298007	0.0250000000381	0.0250029036394	0.0250000000267	0.0250000000347	0.0250143111021
0.00714517023183	0.00714562881952	0.114323855464	0.00714437763889	0.535429616593	0.0071437048894	0.23376182843	0.0071442967842	0.0736155810547	0.00714594009464
0.0111134422936	0.356719391493	0.0111118497389	0.0111112529894	0.399862829436	0.0111116170658	0.0111126823026	0.0111119045241	0.165628837512	0.0111161926453
0.0111132671339	0.011114560211	0.0111137730031	0.0111112311667	0.899980639992	0.0111114273999	0.0111152592078	0.0111140016665	0.0111134327187	0.0111124075
0.00454798244937	0.0681107670441	0.314811053053	0.00454615820585	0.349119909051	0.00454605342846	0.0779199212378	0.00454632997178	0.00454741026106	0.167304415297
0.137501441971	0.0125000000384	0.137500396449	0.0125000000846	0.387501059671	0.0125000000574	0.0125004044808	0.262496697153	0.0125000000524	0.0125000000433
0.00333365193255	0.00333385443002	0.30399412375	0.00333335768626	0.207836457554	0.00333365444606	0.00333344225198	0.153044458	0.00333436283051	0.315122637118
0.00666692022911	0.500855593768	0.445802688114	0.00666688469302	0.00666731910703	0.00666780988464	0.00666748231926	0.00666788568696	0.00666899188265	0.00666842431558
0.524999105342	0.274999671509	0.0250000000045	0.0250000000083	0.0250000000057	0.0250000000056	0.0250012082869	0.0250000000039	0.0250000148298	0.0250000000042
0.0812809287951	0.462082287481	0.00370455120879	0.00370373605001	0.0037039424822	0.0721342789773	0.362275380663	0.00370564185644	0.00370442213236	0.00370483035362
0.0759381374661	0.00294203011671	0.17989336849	0.00294129670307	0.00294134890264	0.0392693956314	0.35299032895	0.00294146053992	0.3372005521	0.00294208109999
0.061367660361	0.396205756204	0.00454593248365	0.00454552299988	0.00454557558516	0.00454601153672	0.353965930442	0.00454592081026	0.16118516464	0.00454652493783
0.0012350946516	0.147700800462	0.00123483084809	0.0287344970026	0.00123460802342	0.0313922615969	0.62088008719	0.00123469728056	0.0223514588867	0.144001664058
0.169289917131	0.1937540472	0.145344803829	0.00192325293844	0.00192322443336	0.00192394474995	0.403004696683	0.00192351840465	0.0789891221394	0.00192347248997
0.00188716979686	0.0585393111853	0.0018869130048	0.00188772552254	0.00188689120409	0.0402984568709	0.584005311905	0.00188730358696	0.140884869278	0.166836047645
0.210407173339	0.288720369952	0.00476286821058	0.0544315835491	0.00476231980681	0.00476219535485	0.417863767668	0.00476446096379	0.00476259643179	0.00476266472394
0.167175883529	0.568284817349	0.0142857142993	0.0142857143108	0.0142857143032	0.0142859722211	0.164537749371	0.0142866466753	0.0142859107256	0.0142858772155
0.0111132956945	0.251994892059	0.659105840339	0.011111580858	0.011111111113	0.0111152638297	0.0111121312835	0.0111113778316	0.0111121328798	0.0111123741112
0.00294181047856	0.135627049963	0.20578122056	0.387771020685	0.0969439624886	0.0549334421266	0.00294174449795	0.00294299806328	0.107175077629	0.00294167350775
0.0200059532002	0.511127991865	0.0200000000019	0.0200165004651	0.0200000167128	0.0200002004457	0.32883896655	0.0200052430601	0.0200011212535	0.0200040064459
0.00227326021655	0.00227428928181	0.621405040988	0.089329955873	0.0022728965791	0.00227311633253	0.00227333179469	0.00227299513509	0.273351726633	0.00227338716632
0.00526334920963	0.190129445061	0.0808379769537	0.298476554422	0.00526403314834	0.0795407002447	0.0052639056078	0.324696685995	0.00526360397667	0.00526374538091
0.00833371331374	0.485325205287	0.00833379629597	0.00833483996402	0.0083335648153	0.00833348020021	0.00833367771323	0.448001774588	0.00833426592291	0.00833568189985
0.279083809683	0.194282715335	0.00909334844605	0.00909092251523	0.0090926190832	0.00909211254323	0.00909154015213	0.462987941583	0.00909147089298	0.00909351976691
0.020000000007	0.0200004877225	0.0200000000049	0.0200000000091	0.0200033360163	0.478481659899	0.0200009548039	0.361506186531	0.0200041698555	0.0200032051499
0.00625101106299	0.00625038112771	0.00625151190317	0.00625000003056	0.76104981151	0.00625073316527	0.00625146423083	0.00625275934076	0.0062511245641	0.188941203065
0.00588274704572	0.240303726398	0.00588299660746	0.121695286399	0.00588347630715	0.412560443323	0.00588288292438	0.00588333278281	0.00588332061895	0.190141787593
0.0142863416589	0.565702177572	0.0142859312701	0.0142923995246	0.0142864701947	0.320000775278	0.0142860439725	0.0142876200259	0.0142857143413	0.0142865261623
0.00833363246629	0.00833509503914	0.0083345720676	0.0083339623147	0.00833667540604	0.279454678554	0.00833421013602	0.6538690683	0.00833425366161	0.0083338520551
0.00294186826214	0.0976998836294	0.00294247131249	0.138156135481	0.20472173402	0.541769915922	0.0029415753867	0.00294185931102	0.00294237441755	0.00294218225752
0.0142881823066	0.548356608719	0.0142882888242	0.0142857579438	0.0142877662872	0.337338422498	0.014288358547	0.0142905220006	0.0142864291619	0.0142896637114
0.300000953371	0.0142908564088	0.0142867595886	0.157143988239	0.0142893640015	0.442841746441	0.0142867321717	0.0142872728413	0.0142866126186	0.0142857143176
0.00555725693833	0.123607514053	0.00555643216577	0.0945080371094	0.287022488076	0.0749950697595	0.0774392556056	0.320200566455	0.00555649107037	0.00555688876687
0.0100017312655	0.0100014554849	0.0100011301536	0.0100002165053	0.425657234403	0.0100004693844	0.0100028128962	0.0100018001282	0.494331567025	0.0100015827537
0.0142873220523	0.0142860846809	0.0142865114505	0.0142874226707	0.0142865553295	0.0142874594539	0.0142866427348	0.0142876977534	0.871414732119	0.0142895717554
0.00769566123273	0.00769255643858	0.00769266264014	0.0846184214607	0.273080394847	0.252620618173	0.00769230773724	0.343522072221	0.00769230778539	0.00769299746415
0.0333340231842	0.0333350063363	0.0333344150911	0.699984535585	0.0333392736671	0.033335561375	0.0333333333335	0.0333344471014	0.0333333840782	0.0333360202482
0.0100000000374	0.0100007280712	0.0100000000261	0.0100011170895	0.90999564051	0.0100007854497	0.0100000831614	0.0100015607763	0.0100000000296	0.0100000848491
0.00909182608088	0.00909194046753	0.00909198039037	0.305474088123	0.621779898191	0.00909453884658	0.0090916736135	0.00909494097818	0.00909385386646	0.00909525944259
0.675560006271	0.00625095701106	0.00625133502676	0.00625018979691	0.00625085345644	0.0062518955696	0.153115452184	0.00625099430983	0.00625249156362	0.12756582481
0.00454621042715	0.00454770408293	0.00454670600733	0.294302251951	0.00454568612826	0.124082513734	0.314243559513	0.00454568101594	0.0045467709628	0.240092916177
0.020000867284	0.0200030948658	0.0200008861317	0.0200020238829	0.0200030704433	0.0200038021513	0.0200012712662	0.819980440648	0.020002409058	0.0200021342686
0.0200009752629	0.020002050181	0.020006699018	0.0200000000045	0.0200040544124	0.0200002779002	0.0200020639552	0.0200037767199	0.81998009428	0.0200000082662
0.262498045008	0.0125021567789	0.0125003330679	0.0125025436413	0.0125041140633	0.63748404696	0.0125027189648	0.012502369457	0.0125006671452	0.0125030049143
0.43419000842	0.00476207453208	0.265757780535	0.00476194555637	0.00476258096114	0.183648396796	0.00476271834078	0.0878294060944	0.00476270621994	0.00476238254453
0.437866573652	0.00833546207692	0.00833387475573	0.0083334632764	0.00833434114583	0.00833723614329	0.00833429649716	0.370433811353	0.13335597908	0.00833496201979
0.00714495670503	0.179093031507	0.334437307576	0.112265346356	0.00714349582866	0.0559908669043	0.00714370885281	0.00714390513649	0.00714586575745	0.282491515376
0.774979147731	0.025005552206	0.0250030496355	0.0250000000038	0.0250000000026	0.0250040723208	0.0250004389625	0.0250035517145	0.0250000046069	0.0250041828167
0.0605244393775	0.00256534025317	0.0607611481161	0.00256453859759	0.00256450014042	0.0025644043682	0.072243506311	0.79108241855	0.00256484375513	0.00256486053119
0.00454593911462	0.00454612248903	0.0045462598537	0.00454681654449	0.00454614853911	0.00454567558174	0.063934300062	0.899696207305	0.00454645526646	0.00454607524377
0.00416699316319	0.00416809021927	0.0041669336529	0.0041675908487	0.00416769750557	0.0041675062365	0.125967862269	0.840690739698	0.00416848164809	0.00416810475907
0.184754989711	0.00666802378013	0.00666712816279	0.00666775805041	0.00666751880202	0.00666704252224	0.00666839464063	0.761904256024	0.00666704264318	0.00666784566404
0.256251037391	0.00666713332402	0.00666716267325	0.00666743592715	0.0066668519954	0.00666673991039	0.00666711446551	0.690412545567	0.00666708076698	0.00666689797891
0.00666751542489	0.374982946617	0.00666692182065	0.00666897000547	0.00666724358397	0.00666699596665	0.0066675398585	0.571677309525	0.00666726709646	0.00666729010088
0.0612059391547	0.329513672176	0.29592488275	0.00526326304041	0.00526369927229	0.0654576256498	0.00526410434642	0.221579218134	0.0052635569489	0.00526403852663
0.0100023842879	0.782828689673	0.0100026877828	0.0100000289024	0.0100008565672	0.137162173245	0.0100010992469	0.0100009596611	0.0100006439649	0.0100004766686
0.141903463194	0.00500207997835	0.354608091088	0.00500043742939	0.121081693286	0.00500128232402	0.00500042911594	0.132490219559	0.00500065715841	0.224911646868
0.0100024566972	0.599973591183	0.0100020180879	0.0100000000044	0.0100008737482	0.0100078640304	0.0100017690156	0.0100006910124	0.0100005738267	0.320010162394
0.0125008683831	0.518245757557	0.0125000000019	0.0125063359385	0.0125010500056	0.0125001531232	0.381739847947	0.0125015490435	0.0125021434679	0.0125022945322
0.00666671376718	0.00666966816793	0.00666747869944	0.00666666666842	0.00666871750039	0.00666736999118	0.00667044868711	0.410518907099	0.00666704405962	0.53613698536
0.0200000000039	0.0200010750354	0.0200000000027	0.0200082463161	0.0200014535257	0.0200000000034	0.0200026112032	0.259277224899	0.0200000000031	0.580709389008
0.0166666666726	0.0166666666701	0.0166666666708	0.0166666666742	0.350000109344	0.0166666666718	0.0166689131703	0.210559985143	0.0166666666713	0.322770992312
0.122222289119	0.137804628475	0.0111111111135	0.0111116435408	0.25532812093	0.0111119389504	0.0111121618428	0.228388441425	0.0111111111138	0.20069855349
0.0732142619515	0.446015049341	0.00555647335376	0.00555589402644	0.00555617880482	0.202218920518	0.00555656194575	0.245212878621	0.00555675054185	0.005557030896
0.0100000595128	0.597083353255	0.0100000039653	0.010006211357	0.0100001878378	0.111652886313	0.221253141364	0.0100015934629	0.0100009140014	0.0100016489297
0.0200064631995	0.621916260331	0.0200006843849	0.0200089625116	0.0200093856814	0.21803969104	0.0200044727729	0.0200083599719	0.0200028298648	0.0200028902427
0.0692623982303	0.00588411763213	0.25786883822	0.0835183286604	0.00588254594123	0.140520687643	0.00588306367464	0.00588430882725	0.00588266538982	0.419413045781
0.00625035435904	0.158387630968	0.00625006873191	0.00625089725199	0.791609559448	0.00625000000084	0.00625017939107	0.00625050832442	0.00625000000077	0.00625080152418
0.00344832183444	0.00344866231339	0.25948067305	0.29552591217	0.13496979203	0.0760336055795	0.0510363161394	0.16915871546	0.00344890415115	0.00344909727225
0.011116209861	0.0111160224468	0.535925594497	0.12438481446	0.01111111118	0.0111135076333	0.0111130945069	0.0111138105134	0.011114442149	0.261891392752
0.0125012086812	0.012501186726	0.0125005143242	0.523887525061	0.0125005026706	0.0125055987458	0.0125008583194	0.0125048166245	0.376095648647	0.0125021402004
0.003571975876	0.00357165977613	0.00357234301835	0.0496342202544	0.19185937325	0.00357167292786	0.00357178493678	0.222118278228	0.00357285991036	0.514955831822
0.208122787593	0.086518822936	0.00476235440447	0.00476276242519	0.286703076373	0.187528670749	0.207311579958	0.0047639633651	0.00476284967373	0.00476313252235
0.0125024638476	0.0125004003458	0.887490408792	0.0125000000054	0.0125000000037	0.0125000000037	0.0125004429918	0.0125003125663	0.0125028618371	0.0125031096068
0.0250000000006	0.774974417038	0.0250000000004	0.0250196910795	0.0250000000006	0.0250000000005	0.0250000000002	0.0250040046143	0.0250000000005	0.0250018872656
0.147970367883	0.0111113157783	0.763136968253	0.0111111111236	0.0111111111197	0.0111111111196	0.011111267932	0.0111112217707	0.0111127493594	0.0111127756615
0.227072276826	0.00833447145669	0.00833397430451	0.00833722846629	0.00833372690039	0.229576659763	0.00833363450918	0.00833668966931	0.00833395872974	0.485007379374
0.372540590652	0.0142858790162	0.0142857671847	0.0142857146168	0.0142865396207	0.0142887974636	0.014286589911	0.160928996847	0.206531278693	0.174279845995
0.399547600524	0.300531010085	0.0083357408905	0.00833333336829	0.00833353833469	0.0916650176346	0.15824998354	0.0083333614802	0.00833615756862	0.0083342565746
0.41603213402	0.495064650415	0.0111137929856	0.0111113310618	0.0111119315206	0.0111158176976	0.0111116825514	0.0111125711998	0.0111131570241	0.0111129315244
0.0100008000162	0.0100002675042	0.597455947993	0.0100000015519	0.111285934886	0.0100000010529	0.0100005353299	0.0100001021821	0.221254841218	0.0100015682652
0.0166703513279	0.0166718913053	0.0166669403246	0.0166666667787	0.412194810932	0.0166680892688	0.0166678081061	0.0166678397086	0.0166742018644	0.454451400383
0.299999630068	0.164040526852	0.0142898783645	0.435944854904	0.0142863297871	0.0142865316497	0.0142880867799	0.01428612611	0.0142901169857	0.0142879184998
0.0250000000037	0.52499717281	0.0250020941261	0.274997861876	0.0250004643781	0.0250006166317	0.0250017901668	0.0250000000022	0.0250000000029	0.0250000000024
0.00416706567159	0.286679031641	0.359297049264	0.218222776275	0.00416738443453	0.11079344236	0.0041677228636	0.00416798191329	0.00416939793486	0.00416814764247
0.00714320937376	0.27778730845	0.00714430117946	0.0791759833589	0.00714299717283	0.248164520988	0.00714534833687	0.00714318617527	0.274115177344	0.0850379676218
0.0250000000287	0.0250006545785	0.0250005400043	0.274999636807	0.0250000000252	0.0250040419119	0.524973446802	0.0250186640282	0.0250019538473	0.0250010619673
0.320136094672	0.0250046928819	0.0250056569754	0.0250011311089	0.479821961872	0.0250044953072	0.0250029143326	0.0250073215941	0.0250071685011	0.025008562755
0.29978051761	0.442973233777	0.0142873924169	0.157220646123	0.0142868837788	0.0142862371463	0.0143001591852	0.0142859984488	0.0142905769224	0.0142883545914
0.00769430765383	0.0076953396161	0.224293464054	0.00769346842468	0.489850232356	0.00769519340114	0.0076932605705	0.231996170939	0.007695515451	0.00769304753395
0.0200011327804	0.0200145124526	0.020000347775	0.81997472579	0.0200029615843	0.0200003008705	0.0200036370283	0.0200017904842	0.0200000068579	0.0200005843764
0.00588310769585	0.00588261426404	0.00588280329197	0.00588298771725	0.345875791229	0.12598196309	0.0058840565071	0.486961663097	0.00588235296307	0.00588266014491
0.0142866903341	0.37916282788	0.220372123674	0.0142857143045	0.0142897735002	0.0142859923791	0.0142877803151	0.0142878703236	0.0142890172207	0.300452210069
0.0333333334136	0.0333414263425	0.699982375714	0.0333333334365	0.0333346618984	0.0333340760408	0.0333333333642	0.0333333333824	0.0333377323969	0.0333363940102
0.012500473723	0.631400620148	0.0125000010757	0.125876126882	0.0125001384811	0.012500113999	0.0125001398762	0.0125017800857	0.0125006020421	0.155220003686
0.0100013726753	0.381267712206	0.0100011072638	0.0100005805145	0.0100005641812	0.010000979378	0.0100008597227	0.538724532999	0.0100012415678	0.0100010494919
0.0481762683022	0.466327096298	0.108820126974	0.118850382947	0.00243995189137	0.00243968985245	0.00243976051098	0.189544075176	0.0585228643964	0.00243978365157
0.0166676371871	0.465071800705	0.0166666666823	0.0166690582807	0.0166666666864	0.0166666666862	0.0166672429962	0.283296401505	0.13495917833	0.0166686809415
0.0333371656522	0.699983603144	0.0333348261506	0.0333360900405	0.0333333333434	0.0333354345875	0.0333333333377	0.0333395470607	0.0333333333425	0.0333333333408
