0.96399578806	0.00400050436851	0.00400063085382	0.00400024268246	0.00400043822494	0.00400074651986	0.00400036415147	0.00400032918247	0.00400045219399	0.00400050376256
0.0166720151631	0.0166688963304	0.0166690158665	0.0166707502006	0.0166732598328	0.0166724216503	0.849961791638	0.0166679425766	0.0166701343063	0.0166737724358
0.791198294876	0.00322646476151	0.00322634352939	0.00322600887594	0.0698407097239	0.00322664509529	0.00322656864165	0.00322621594268	0.00322695162107	0.116375796932
0.970961903579	0.00322642446682	0.00322646215996	0.00322618998831	0.00322643223223	0.00322666335181	0.00322635689163	0.00322626507602	0.00322637995465	0.00322692229915
0.849985139161	0.0166682949077	0.0166711508189	0.016667434021	0.0166666667132	0.0166722323268	0.0166669344432	0.0166668913553	0.0166670490401	0.0166682072124
0.00909196418131	0.00909210880088	0.00909156152003	0.00909107499524	0.009093305051	0.00909268752292	0.00909168903915	0.00909172885025	0.00909239790901	0.91817148213
0.00833556138751	0.00833365849816	0.00833394180006	0.00833334116916	0.92499153278	0.00833562249378	0.00833451076839	0.00833334969359	0.00833416839901	0.00833431301045
0.0111147205269	0.0111136616277	0.0111135248869	0.0111123711889	0.011113687722	0.011114568001	0.693483382213	0.0111111571662	0.0111138121883	0.21760911448
0.687960991602	0.00833352400193	0.00833633936381	0.00833541820753	0.00833566136434	0.00833507299556	0.245359041481	0.00833395780751	0.00833527173526	0.00833472144105
0.0125019197535	0.0125009681646	0.0125033486875	0.0125000001993	0.887487442692	0.012501368089	0.012502789603	0.0125003615776	0.0125007624441	0.0125010387891
0.0052659248905	0.00526519195249	0.00526419715158	0.00526364827026	0.00526500013175	0.00526489208413	0.952618234278	0.00526340147451	0.00526439450719	0.00526511525997
0.0200038293308	0.0200028255229	0.0200034597264	0.0200020919467	0.0200033411181	0.0200055253796	0.0200045389826	0.0200010184155	0.0200010526814	0.819972316896
0.00312571288025	0.00312558206512	0.971870131192	0.00312518334382	0.00312538549585	0.00312588764963	0.00312558605673	0.0031252504205	0.00312590213599	0.00312537876005
0.0111114198096	0.0111112012876	0.0111111111658	0.0111111112418	0.899998533761	0.0111115029025	0.0111114471136	0.0111111111815	0.0111111111652	0.011111450371
0.153639913317	0.00256448225089	0.00256440503354	0.00256417768807	0.00256443312361	0.00256451277423	0.825844898096	0.00256425272493	0.00256441089254	0.00256451409891
0.00769311511654	0.00769266288853	0.00769360047171	0.00769237075219	0.00769414797769	0.0076948866406	0.00769297828197	0.00769330140982	0.00769286848361	0.930760067977
0.010001051002	0.0100011208454	0.0100015858649	0.0100000508648	0.0100035629002	0.0100014190852	0.010001725183	0.0100000638763	0.909987038434	0.0100023819436
0.0100015362324	0.0100025323088	0.0100024221547	0.0100006180068	0.0100020102778	0.0100013112314	0.0100016304792	0.260610786004	0.0100023023686	0.659374850936
0.428674856723	0.00555618730224	0.00555739845226	0.00555569093662	0.00555657693508	0.526874214624	0.00555650222798	0.00555584196053	0.0055560763156	0.00555665452325
0.0100012271229	0.0100032185096	0.909985453131	0.0100007583392	0.0100025046642	0.0100030218205	0.0100013580481	0.0100001005956	0.0100014173027	0.0100009404662
0.00833431377579	0.419476501715	0.513847258605	0.00833409475553	0.00833519154883	0.00833533005769	0.00833449109542	0.00833344456085	0.00833442533833	0.00833494854732
0.00526415519499	0.00526487360838	0.595312500033	0.362574419753	0.00526486161367	0.00526470625093	0.0052635858591	0.00526333915799	0.00526382588158	0.00526373264773
0.00714518846032	0.00714496262692	0.514048423872	0.00714514047021	0.428794052326	0.00714486048548	0.00714409022246	0.00714295671765	0.00714615639593	0.00714416842269
0.00312564417446	0.00312537003887	0.367590851905	0.00312525730918	0.607405319685	0.00312577424315	0.00312571847555	0.00312505513918	0.00312560801146	0.00312540101893
0.00588483250473	0.00588367954896	0.00588580350162	0.00588315711539	0.00588372452074	0.947045498121	0.00588326323521	0.00588291115354	0.00588362717399	0.00588350312512
0.394718492513	0.00357210615635	0.00357206500765	0.00357178609451	0.00357228513572	0.00357232261067	0.576704581341	0.00357165298265	0.0035723569023	0.0035723512569
0.0125007161047	0.486194964351	0.01250172414	0.0125011527916	0.0125012285465	0.413793836588	0.0125019973228	0.0125002711543	0.0125019880782	0.0125021209232
0.207080984905	0.00400075838236	0.00400069430645	0.00400048527915	0.00400083863726	0.004000659403	0.760913865379	0.00400016270601	0.0040007428336	0.00400080816765
0.00192388748166	0.00192390228243	0.0019235222793	0.00192322851158	0.00192342601834	0.00192441541532	0.601451398168	0.00192321374224	0.00192377559037	0.38315923051
0.53736544898	0.00434865679816	0.359325546837	0.00434827537223	0.0728688880948	0.00434870166455	0.00434883628241	0.00434814566161	0.00434873889173	0.00434876141755
0.0125051808133	0.012501309962	0.0125010294492	0.0125033769672	0.0125038842331	0.0125025192813	0.0125029242651	0.012500294692	0.887478055389	0.0125014249481
0.627906403776	0.00769289904265	0.00769457869049	0.00769249279072	0.00769357119906	0.00769405839104	0.310546037978	0.00769287863911	0.00769374637429	0.00769333311898
0.0100030949286	0.0100021694674	0.23449731856	0.0100012056972	0.0100022259699	0.685486200078	0.0100024982203	0.0100012238628	0.0100021102747	0.0100019529412
0.0022229262738	0.0022224915438	0.523470544094	0.00222262843086	0.00222251527203	0.458748164791	0.00222275991203	0.00222235376738	0.00222270044389	0.00222291547148
0.0111136300743	0.0111152390516	0.899969274096	0.0111117952856	0.011118396955	0.0111132675976	0.0111158961387	0.0111153935075	0.0111140118137	0.0111130954797
0.016669859015	0.0166693205273	0.422042584072	0.0166668034539	0.0166686610785	0.0166702960946	0.444607398894	0.0166672610709	0.0166691259487	0.0166686898453
0.0125061827202	0.0125021828561	0.887471474323	0.0125020286381	0.0125037345385	0.0125041870785	0.0125038668816	0.0125005467165	0.0125035707376	0.0125022255101
0.0041678326583	0.00416812615112	0.646486194892	0.00416689837899	0.00416736891462	0.00416782423023	0.32017311171	0.004167116546	0.00416792842634	0.00416759809231
0.00384763284678	0.00384671766866	0.00384698304904	0.00384635931707	0.00384681853403	0.00384728122756	0.965377894743	0.00384634433372	0.00384703534573	0.00384693293476
0.003333369398	0.00333341582473	0.00333338781258	0.969998846484	0.00333336756569	0.00333343621012	0.00333335838658	0.00333410184784	0.00333336515929	0.00333335131146
0.00333336939351	0.00333341581442	0.00333338780578	0.969999073133	0.00333336756142	0.00333343619723	0.00333335838346	0.00333387524689	0.00333336515532	0.00333335130922
0.00333336939624	0.0033334158207	0.00333338780992	0.969998942986	0.00333336756402	0.00333343620509	0.00333335838536	0.00333400536467	0.00333336515774	0.00333335131059
0.00344959555501	0.00344872569063	0.00344883803761	0.0034484746449	0.00344900503755	0.968958743507	0.00344998991451	0.00344858122046	0.00344882537217	0.00344922101967
0.544674346534	0.00909358858995	0.00909259090913	0.00909118036918	0.00909253847119	0.382582819043	0.00909331122316	0.00909140056287	0.00909379877995	0.00909442551741
0.00312550827795	0.00312564267177	0.00312573914695	0.00312512794569	0.00312655819655	0.00312600652314	0.971868314197	0.0031251884686	0.00312585038507	0.00312606418692
0.00769395357295	0.00769327237309	0.007693618085	0.00769251945464	0.00769332712498	0.930758222892	0.0076953048557	0.00769248430293	0.00769426416602	0.00769303317297
0.00243938536387	0.00243932671394	0.00243954761386	0.00243941832493	0.00243943952248	0.978044439661	0.00243947158536	0.00243931091535	0.00243961991702	0.00244004038255
0.000854844878947	0.000854810978004	0.000854889960333	0.992306237406	0.000854845486179	0.000854925405607	0.000854826015697	0.000854845388722	0.00085489095635	0.000854883524173
0.00833374330992	0.008333522	0.00833399053408	0.00834059703007	0.0083335292159	0.00833656250601	0.0083335970029	0.00833441625232	0.924986122238	0.008333919911
0.00476309770896	0.00476290748166	0.00476281395269	0.00476268839814	0.239070976025	0.00476363404241	0.1635041565	0.0047622837851	0.564083764997	0.00476367710822
0.0200018907525	0.0200027735419	0.0200024803267	0.0200020005167	0.0200027841628	0.465278464545	0.0200016601909	0.0200006947073	0.0200082670036	0.374698984253
0.00344869131084	0.00344883344998	0.00344870698895	0.00344883551138	0.00344976826789	0.0034492186569	0.00344876434934	0.143964592501	0.82844377322	0.00344881574371
0.00181848522978	0.00181838808488	0.00181876934309	0.00181848228478	0.0018184370085	0.243245116298	0.00181854955539	0.0018183605711	0.0018185990792	0.742206812546
0.00625120622366	0.00625030075002	0.00625112165831	0.00625025932713	0.00625014165685	0.212122148489	0.00625138352035	0.0062516942792	0.73787108778	0.00625065631631
0.859293094954	0.124376338623	0.00204152416206	0.00204108982337	0.00204124604989	0.00204132477421	0.00204131293672	0.00204111229281	0.00204131556676	0.00204164081705
0.00833853241144	0.924980104115	0.0083344559757	0.00833411257405	0.00833592376703	0.00833530116726	0.00833442854389	0.00833431188739	0.00833612825154	0.00833670130621
0.636341777934	0.00555608539681	0.00555665798102	0.0055562197788	0.00555628725566	0.00555704799527	0.00555676306368	0.00555585916136	0.00555632358782	0.319206977845
0.957135579297	0.00476270577164	0.00476249569869	0.00476252350541	0.00476278642147	0.00476256831342	0.00476293077033	0.00476210856102	0.00476325045532	0.00476305120539
0.00344933930858	0.00344885530745	0.00344859637374	0.0034483487054	0.0034491206161	0.00344907476473	0.00344930098165	0.00344845750829	0.96896019246	0.0034487139745
0.00312556245648	0.00312546249872	0.00312566135012	0.0031260851935	0.584421925135	0.360254151632	0.00312555278552	0.0334446144944	0.00312548911966	0.00312549533468
0.293780946483	0.00285715651452	0.00285716766032	0.68336016605	0.00285717943008	0.00285744836545	0.00285762577962	0.00285794018722	0.00285715680821	0.00285721272177
0.965378955143	0.00384648817214	0.00384733162424	0.00384644093432	0.00384685169471	0.00384677070742	0.00384655352505	0.00384630999785	0.00384748949068	0.00384680871095
0.46551538703	0.00454650957623	0.498113796931	0.00454561033813	0.00454661201057	0.00454629203686	0.00454657149158	0.0045455322616	0.00454692205564	0.00454676626828
0.00769527195314	0.00769311758224	0.930760522076	0.00769285743325	0.0076926819143	0.00769329050703	0.00769291468498	0.00769283455514	0.00769350111624	0.00769300817767
0.00256459271539	0.00256446787649	0.00256463084014	0.00256459466062	0.00256437180916	0.00256469252721	0.00256447617621	0.0641560190407	0.915327470315	0.00256468403909
0.935702403214	0.00714353784134	0.0071446054607	0.00714303927617	0.00714458275165	0.00714464195088	0.00714426579204	0.00714304987733	0.00714621984195	0.00714365399381
0.677596130528	0.275337113553	0.00588296292143	0.00588473174245	0.00588287286296	0.00588377355088	0.0058831294102	0.0058826266941	0.00588345828276	0.00588320045455
0.0166738180951	0.0166699998599	0.0166696628207	0.0166676950281	0.0166704598853	0.0166705844023	0.849972561807	0.0166668731605	0.0166696193993	0.0166687255414
0.00909421687629	0.00909910228384	0.918155499675	0.00909165050715	0.0090918937097	0.00909398606059	0.0090920052462	0.00909169469531	0.00909278949027	0.00909716145544
0.00344881511157	0.00344873480051	0.00344886648442	0.127171791939	0.0034487182902	0.00344867328239	0.845237990216	0.00344864155565	0.00344881834421	0.00344894997609
0.00526360636377	0.723881357221	0.00526489887945	0.0052642160791	0.00526435894149	0.234005712205	0.0052638534768	0.00526376693905	0.00526387036674	0.00526435952825
0.0200007141513	0.020000000105	0.0200023025262	0.0200000001483	0.819996982695	0.0200000000771	0.020000000064	0.0200000000958	0.0200000000736	0.0200000000641
0.00625075716542	0.00625116515508	0.00625072617841	0.00625133593897	0.00625086449086	0.00625036611986	0.943741303198	0.00625094972577	0.00625079171728	0.00625174031084
0.0166687112241	0.0166689700018	0.0166670911332	0.0166669939843	0.546826603848	0.0166685370525	0.0166726648675	0.0166684430702	0.319824257456	0.0166677273618
0.0015386455966	0.00153865326897	0.00153881472766	0.00153888140343	0.0015387751607	0.00153858446043	0.929440367475	0.0582497018284	0.00153876142126	0.00153881465771
0.00909377185154	0.00909193858078	0.00909246995043	0.00909233789822	0.00909148117643	0.00909353709412	0.00909279339379	0.00909159223901	0.00909261949196	0.918167458324
0.0200000000409	0.0200005616476	0.0200012990405	0.0200000000569	0.0200019273064	0.02000000003	0.0200005570256	0.0200003905054	0.819994360058	0.0200009042884
0.0100006935779	0.0100015759236	0.909989149879	0.0100013684245	0.0100011549079	0.0100004018174	0.0100029098565	0.0100009315593	0.0100010494793	0.0100007645746
0.0090935595875	0.00909174466583	0.918169696811	0.00909163836126	0.00909232705956	0.00909221709662	0.00909248896261	0.00909099931926	0.00909300469592	0.0090923234407
0.0111117180686	0.0111114316079	0.0111117665285	0.0111113010987	0.0111117990401	0.899993611184	0.0111124049214	0.011112300811	0.0111115543352	0.0111121124043
0.00833380413116	0.0083382507637	0.00833467425948	0.00833369640916	0.00833468234995	0.0083342394484	0.924984119113	0.00833361158214	0.00833785438456	0.00833506755816
0.00357163131738	0.967851447058	0.00357281471201	0.00357159980963	0.00357202028285	0.00357204338609	0.00357203849186	0.00357194120423	0.00357239049533	0.00357207324304
0.0333333336797	0.0333333338855	0.0333370818207	0.0333333341108	0.366661134976	0.0333333337375	0.366664726779	0.0333333338368	0.033337053487	0.0333333336865
0.0200003504557	0.0200007250435	0.0200000000705	0.0200001144214	0.0200012408083	0.0200002511269	0.819994780808	0.0200017436436	0.0200005611729	0.0200002324486
0.0333333337679	0.0333333340214	0.699967373115	0.0333333343063	0.0333333338264	0.0333333338394	0.0333415334231	0.0333470527543	0.0333333338172	0.0333440371286
0.548734688342	0.00714458580632	0.00714438086461	0.00714304787185	0.00714364501224	0.00714452483753	0.394114701453	0.00714300723715	0.00714359301349	0.0071438255618
0.00370487626285	0.00370493515931	0.00370435872128	0.0037038709209	0.00370452924482	0.00370452682892	0.00370514921119	0.00370396284536	0.966659168542	0.00370462226357
0.00357215870476	0.96785062403	0.00357202117157	0.00357183054658	0.00357211667287	0.00357246763724	0.0035721355529	0.00357192752629	0.00357222416062	0.00357249399667
0.00526501994741	0.622092889739	0.00526429777673	0.00526378711212	0.00526399682085	0.00526445428981	0.00526486088434	0.0052633162465	0.335792476881	0.00526490030216
0.00370501719414	0.966660376522	0.00370435632769	0.00370400418159	0.00370438601503	0.00370463016008	0.00370432641778	0.00370402810539	0.00370437420431	0.00370450087226
0.00769365706916	0.0076924904256	0.930762967925	0.00769267910318	0.00769304316095	0.00769342550682	0.00769303547468	0.0076924248617	0.00769337126833	0.00769290520469
0.00434871293926	0.00434909150373	0.325643300062	0.00434855157108	0.00434887859936	0.639567043616	0.00434824015844	0.00434819780241	0.00434897642526	0.00434900732225
0.00526391507749	0.00526562167052	0.433208815767	0.00526342281112	0.00526617378258	0.00526366157979	0.00526381650528	0.0052635176643	0.00526404377621	0.524677011365
0.0045461676273	0.00454590541935	0.311499499873	0.0604411809632	0.596236831695	0.00454611961449	0.00454604487391	0.00454568775522	0.00454633425797	0.00454622792031
0.00625060843176	0.00625029639878	0.94374384966	0.00625056105757	0.0062517210717	0.00625067919819	0.00625043977678	0.00625023660236	0.00625081437581	0.00625079342735
0.00625184355207	0.00625233071668	0.00625097639464	0.00625049069556	0.00625110987657	0.00625178128389	0.101070029566	0.00625061877928	0.848919856204	0.00625096293137
0.0142862819535	0.0142865121082	0.0142863867901	0.0142901102525	0.0142863557411	0.0142861548237	0.0142860871362	0.14689145274	0.73881400455	0.0142866539043
0.00416852517044	0.00416792454426	0.00416684127378	0.00416688756554	0.00416842891608	0.00416862989452	0.120604202754	0.846053276609	0.0041673606283	0.00416792264406
0.00476233083178	0.00476199181013	0.00476206998272	0.0047623096386	0.00476216521522	0.00476226811644	0.00476226769485	0.957139958384	0.00476214537221	0.00476249295392
0.807363464923	0.00156285742785	0.00156295476885	0.00156285805331	0.00156276272951	0.00156287292981	0.0015629774962	0.180133499233	0.00156288162262	0.00156287081615
0.00277870282093	0.00277816254543	0.00277874842267	0.00277855610561	0.00277859008469	0.00277840380714	0.00277838464152	0.374959912813	0.00277844769904	0.60281209106
0.00250061472388	0.00250026167279	0.00250045981646	0.0025002010035	0.00250056077493	0.977495950976	0.00250073417619	0.00250034233804	0.00250025341499	0.00250062110351
0.0125045174282	0.0125022215547	0.0125008084305	0.427360227428	0.472621837996	0.0125045570193	0.012503257241	0.0125005656827	0.0125006969278	0.012501310291
0.0200010468399	0.819980437142	0.0200012578068	0.0200013648113	0.0200095406075	0.0200011385534	0.0200003855615	0.0200008819655	0.0200021243126	0.0200018223999
0.00454667947254	0.00454628823375	0.569673235822	0.00454647075681	0.00454620797996	0.00454704356219	0.00454661911863	0.393953655392	0.00454671056335	0.00454708909903
0.00476234010311	0.00476241178003	0.00476232160021	0.00476256174645	0.194789234386	0.00476257556659	0.00476241948689	0.00476254248628	0.702606093717	0.0692674991272
0.00588335427929	0.00588312697672	0.00588305284021	0.00588287283283	0.467491231547	0.00588278156751	0.00588334012157	0.00588256548111	0.485443610051	0.00588406430323
0.00625045739942	0.00625072116333	0.00625069187578	0.00625038352863	0.0062504570797	0.00625045195787	0.00625080809659	0.00625049910513	0.943744332453	0.00625119734065
0.0071444007487	0.325510478781	0.0071445698256	0.00714331240725	0.00714440025478	0.00714444360578	0.00714534318878	0.00714371732909	0.61733527363	0.00714406022862
0.00769468016248	0.00769460406324	0.0076944289061	0.00769340645421	0.00769423571955	0.00769384265495	0.00769392862387	0.31640912531	0.622036391153	0.00769535695266
0.479633335195	0.0022226646871	0.00222260349619	0.00222224468833	0.00222263857212	0.00222248879507	0.00222268975434	0.00222229482646	0.00222264093316	0.502586399052
0.939987303173	0.00666739706516	0.00666854248107	0.00666684093241	0.00666797153229	0.00666773531173	0.00666853740276	0.00666899138285	0.00666893611921	0.00666774459963
0.943742489805	0.00625083955179	0.00625095053363	0.00625011900379	0.00625100285344	0.00625058673064	0.00625101966418	0.00625108401046	0.00625114993218	0.00625075791491
0.966663229472	0.0037042146256	0.00370411823485	0.00370389480013	0.00370403027108	0.00370415571745	0.00370428729616	0.00370381908209	0.00370416167105	0.00370408882982
0.965379234483	0.00384693442783	0.00384665052917	0.00384639028539	0.0038468129822	0.00384692649133	0.00384667241394	0.00384639924048	0.00384692502528	0.00384705412092
0.00434928261684	0.00434931041291	0.00434901442932	0.00434797053135	0.0043495237162	0.00434916339883	0.00434937464702	0.00434805966849	0.00434917232544	0.960859128254
0.00333382817656	0.00333446386844	0.302455866423	0.00333385856754	0.00333362098227	0.00333403294888	0.0033341376556	0.00333354792935	0.6708723131	0.0033343303483
0.00909576166948	0.009092094362	0.00909283165498	0.00909112786506	0.00909449343561	0.0090928933624	0.00909474192553	0.0090918852078	0.918160266523	0.00909390399408
0.965375998235	0.0038477917697	0.00384694836745	0.00384644022765	0.00384682407209	0.00384734856937	0.00384736903653	0.00384660090097	0.00384746291185	0.00384721590912
0.00357236262735	0.913471161164	0.00357228762943	0.00357207686931	0.00357180782866	0.00357265005266	0.00357272022911	0.0579502713991	0.00357227542387	0.00357238677674
0.23821230777	0.647488210058	0.0142871425316	0.0142857144051	0.01428646872	0.0142890655203	0.0142881532077	0.0142869290782	0.0142875891172	0.0142884195919
0.0142866262946	0.0142893919622	0.0142866675742	0.0142860439637	0.0142872875974	0.871406467021	0.0142866583887	0.0142987617508	0.0142858998201	0.0142861956271
0.628590747476	0.00303143101132	0.00303067436014	0.0030305671172	0.00303068931075	0.00303082448333	0.00303081091867	0.00303077503253	0.00303096508597	0.347162515204
0.0125029764544	0.617039351158	0.0125002840639	0.0125000977412	0.282953649276	0.0125004074936	0.0125014449415	0.0125005615706	0.0125000851338	0.0125011421665
0.00476268742475	0.00476226063897	0.0047626301394	0.00476290630284	0.00476297993641	0.00476220864855	0.957134395579	0.00476291569152	0.00476387646093	0.0047631391774
0.00588371004255	0.00588309681275	0.00588312079442	0.00588242329612	0.00588319969501	0.00588311866064	0.947050309174	0.00588245662157	0.00588402609052	0.00588453881251
0.00526344441847	0.00526362347587	0.00526362896562	0.00526321914963	0.0052635757101	0.00526364771921	0.95262733111	0.00526323010928	0.00526414497043	0.00526415437104
0.00333379376519	0.00333393482245	0.00333387635739	0.00333358900104	0.00333380720656	0.0033342200952	0.286511564034	0.00333352471303	0.00333387144004	0.686817818565
0.180609035255	0.00303067080462	0.00303087851034	0.00303063205336	0.49467806755	0.00303107223838	0.303497040814	0.00303067251728	0.0030309454684	0.00303098478837
0.280574308203	0.00555602573241	0.00555594360251	0.00555563182955	0.674978100515	0.00555633710022	0.00555582739928	0.00555564103956	0.00555617747285	0.00555600710565
0.00555863156993	0.00555745610621	0.00555722761755	0.00555561462331	0.73128206997	0.00555633524179	0.00555675847444	0.00555566732282	0.00555719816439	0.224263040909
0.00833367500703	0.00833361276366	0.00833354097245	0.00833335274337	0.92499784911	0.00833354339614	0.00833347570412	0.00833340001562	0.00833391939093	0.00833363089645
0.533489505441	0.00370419289581	0.00370435115337	0.00370387298845	0.436876394337	0.00370429004647	0.00370427380617	0.00370389802091	0.00370479409434	0.00370442721631
0.102003332784	0.007693363146	0.00769270502754	0.00769232531998	0.836454058775	0.00769255455082	0.00769279274289	0.00769233455211	0.00769335048652	0.00769318261487
0.00454725029629	0.0045460508637	0.00454643091086	0.00454655388858	0.959079384608	0.00454643758752	0.00454705217914	0.00454695210203	0.00454770867851	0.00454617888498
0.00833425363394	0.00833361456223	0.00833369303372	0.00833335275777	0.92499664373	0.00833356832994	0.00833373013538	0.00833342290027	0.00833398677075	0.00833373414565
0.00625087104584	0.00625049507407	0.00625121839998	0.00625008989575	0.943742475309	0.00625077863913	0.0062511123497	0.00625013736564	0.00625210692832	0.00625071499217
0.00769389763016	0.00769406181842	0.682217790748	0.256231441475	0.00769391520962	0.00769325963503	0.00769403558507	0.00769238010267	0.0076954543708	0.00769376342557
0.00416771198753	0.00416716279429	0.962494244797	0.00416766061128	0.00416692153655	0.00416725435783	0.00416719335985	0.0041672776895	0.00416738778505	0.00416718508118
0.00625092227358	0.00625081695656	0.00625220697836	0.00625105923792	0.00625111602516	0.00625085723565	0.00625098529417	0.00625050921866	0.943740254347	0.00625127243299
0.751865848667	0.00625147190228	0.00625120667712	0.00625013611418	0.00625131410368	0.198124285041	0.00625139508338	0.00625190621512	0.0062507342768	0.0062517019197
0.0125008619025	0.887481999471	0.0125008982402	0.0125001122555	0.012506669863	0.0125006850116	0.0125004540028	0.0125017792451	0.012500982961	0.0125055570474
0.0125003531972	0.887487079262	0.0125029209338	0.0125000000695	0.0125037686368	0.0125016607822	0.012501421559	0.0125006353558	0.012500337525	0.0125018226785
0.0066679772503	0.00666710383258	0.00666861873392	0.00667227980155	0.00666733866701	0.00666833955828	0.17833266409	0.00666792905263	0.00666809699522	0.768319652018
0.918166475499	0.00909258171853	0.00909455528969	0.00909121956569	0.00909237273728	0.00909386869485	0.00909238217937	0.00909207699483	0.00909153646516	0.00909293085597
0.0111139907109	0.0111115241909	0.0111135727696	0.0111117674539	0.0111123517778	0.89998765293	0.0111117216396	0.0111120388193	0.0111119036558	0.0111134760528
0.0111135096407	0.0111132633747	0.899984252561	0.0111112210323	0.0111123143568	0.0111122998943	0.0111146098642	0.0111112564261	0.0111138313609	0.011113441489
0.00714420304071	0.00714324495192	0.00714354237658	0.00714302651624	0.00714378699875	0.935708110143	0.00714335269805	0.00714332861639	0.00714354686432	0.00714385779414
0.930759207346	0.00769447373634	0.00769383722251	0.00769392588783	0.0076929527442	0.00769378451285	0.00769311695125	0.00769235782808	0.00769267017925	0.00769367359144
0.0125027820514	0.0125014514626	0.0125006545833	0.0125000004853	0.0125006596134	0.887491942801	0.0125005895993	0.01250119267	0.0125002671622	0.0125004595714
0.00238149346599	0.00238175669287	0.00238177788003	0.285359777299	0.00238184511557	0.00238131823774	0.00238146770091	0.0023813666446	0.00238163840667	0.695587558557
0.0125025837226	0.0125017236489	0.0125034013598	0.0125001311111	0.0125033441944	0.0125019734256	0.887473721475	0.0125003665958	0.0125078111329	0.012504943334
0.988605103842	0.00126601602242	0.00126606608461	0.00126611208425	0.00126599483582	0.00126615561348	0.00126609826119	0.00126629137563	0.00126604011201	0.00126612176844
0.0250015113574	0.0250031544242	0.0250035519506	0.0250010165164	0.774974221341	0.0250011698476	0.0250017848477	0.0250000000924	0.0250117384998	0.025001851123
0.00322641806241	0.00322623798554	0.00322636490329	0.00322596604449	0.00322614872633	0.605979216173	0.0032266650418	0.0032259186422	0.368210483249	0.00322658117197
0.0100095496899	0.0100013594766	0.0100030419662	0.0100002814776	0.0100041861878	0.909967972098	0.0100043750251	0.0100011862878	0.0100032011467	0.0100048466444
0.0100006881824	0.0100007529749	0.0100006481292	0.0100001706893	0.0100008118009	0.909994340876	0.0100005809411	0.0100000398423	0.010001022107	0.0100009444567
0.369395286079	0.00833395786263	0.00833447973072	0.00833373045582	0.00833393658992	0.563931406063	0.00833418005925	0.00833392166419	0.00833497476675	0.00833412672844
0.00250031089171	0.00250029714576	0.00250036165123	0.00250048299828	0.00250020634132	0.612263551519	0.00250025934454	0.367734057396	0.00250017600518	0.00250029670736
0.00714390334271	0.00714375255859	0.592769630781	0.00714298844469	0.350081690151	0.00714430413107	0.00714376394303	0.00714294166129	0.00714332938674	0.00714369560016
0.0100013048905	0.0100012999633	0.273596152644	0.010000965755	0.543078322825	0.0100008200502	0.0100008722763	0.113317337524	0.0100014931167	0.0100014309549
0.00625082074857	0.00625052614113	0.943741801371	0.00625010588127	0.00625188257812	0.00625061839503	0.00625221032542	0.00625052442273	0.00625078400658	0.00625072613024
0.00416757374485	0.442548922794	0.00416759654812	0.00416693682773	0.00416760689865	0.0041682758971	0.00416777331994	0.00416692155721	0.524110251216	0.00416814119618
0.0111122840271	0.01111460457	0.0111164668299	0.0111115281837	0.899978440062	0.0111126283927	0.0111119289125	0.0111157504813	0.011113676694	0.0111126918469
0.00322613282174	0.00322646227051	0.00322596438218	0.00322599025931	0.00322619468305	0.00322612270071	0.00322601490883	0.00322601400235	0.00322622673029	0.970964877241
0.004000564782	0.00400136678198	0.00400042726632	0.00400047766513	0.00400065757022	0.0040007066727	0.00400077566058	0.00400049565504	0.00400083311591	0.96399369483
0.00129907163334	0.00129898706046	0.00129898057261	0.00129885283408	0.00129896542942	0.00129900562074	0.00129896446697	0.00129882759727	0.00129921979626	0.988309124989
0.0038469026568	0.00384712664993	0.00384769069047	0.00384651577382	0.00384691693614	0.00384738703757	0.00384682008038	0.00384648549708	0.00384680571471	0.965377348963
0.00526406270575	0.00526370565977	0.952623474991	0.00526382494517	0.0052638489099	0.00526424278297	0.00526461315494	0.00526378590718	0.00526372267248	0.00526471827058
0.00769273996686	0.930761616962	0.0076927468419	0.00769292077836	0.0076941036648	0.00769243603551	0.00769280330903	0.00769263067639	0.00769447650407	0.0076935252607
0.00588270618685	0.00588352293365	0.00588284897638	0.00588237477273	0.00588334763491	0.00588258641137	0.00588272010822	0.00588254968471	0.00588294870772	0.947054394583
0.00357244183794	0.00357166566924	0.0035725425709	0.00357222358079	0.464227794339	0.00357280364569	0.00357187612387	0.507195231366	0.00357151102399	0.00357190984254
0.00333440837445	0.969995511625	0.003333979627	0.00333337824185	0.00333376545628	0.00333404040375	0.00333382461173	0.00333348036435	0.00333370336293	0.00333390793304
0.00526451589259	0.499814968048	0.0052639751961	0.00526355845269	0.00526409734111	0.00526510799318	0.00526426136353	0.00526332122144	0.00526478103282	0.458071413458
0.0062508147343	0.604225149716	0.00625140627374	0.00625003166479	0.00625075586629	0.00625187749527	0.00625099045702	0.00625016503931	0.00625191767313	0.345766891081
0.00526463705296	0.952625050657	0.00526380469179	0.00526338067905	0.0052637762053	0.00526388014941	0.00526377832549	0.00526333410048	0.00526477221026	0.00526358592807
0.00285740992694	0.00285829599043	0.00285762766345	0.00285727429542	0.002857348122	0.0028573734122	0.0028574156156	0.00285749963088	0.974282264651	0.00285749069244
0.0021284642996	0.00212827898982	0.00212804582313	0.00212779598419	0.00212850586744	0.00212795346381	0.00212840227806	0.00212790025107	0.00212828594734	0.980846367096
0.469493107832	0.00769339912144	0.468955151803	0.00769249762611	0.0076953254698	0.00769619459603	0.00769403427243	0.00769270651133	0.00769342416077	0.00769415860732
0.203143266168	0.211857879763	0.00500118396118	0.00500032442818	0.549991330013	0.00500113957004	0.00500132506745	0.00500046980214	0.0050018496933	0.00500123153406
0.530745925432	0.265914354219	0.00909316346312	0.00909160036434	0.00909347221244	0.00909312232324	0.00909341034669	0.13968893846	0.00909278244617	0.00909323073241
0.00217455805538	0.0021743058373	0.0021742742036	0.00217401160657	0.00217465172765	0.00217428276261	0.00217455383478	0.00217410604548	0.980430883958	0.00217437196855
0.966659510329	0.00370448921753	0.00370436951075	0.00370395866861	0.00370499629602	0.00370450402197	0.0037045765695	0.00370397546169	0.00370493661391	0.00370468331131
0.0125036236839	0.012501490773	0.0125034754144	0.0125002097944	0.0125010874597	0.0125026498017	0.88747846167	0.0125023743106	0.0125040786698	0.012502548422
0.0142921240912	0.014289366683	0.0142895269721	0.0142889546675	0.0142893980505	0.014290746545	0.871391226416	0.0142880963693	0.0142912839216	0.014289276284
0.00714425316779	0.00714403087577	0.00714402875341	0.00714345236974	0.00714390414283	0.0071447633659	0.491921585267	0.00714409740258	0.450924465003	0.00714541965194
0.0142886386019	0.0142882816969	0.0142891585248	0.0142859512947	0.0142884433028	0.0142897151219	0.871399576528	0.0142879993178	0.0142926985359	0.014289537075
0.00153878542336	0.00153882032664	0.00153875496205	0.00153862592337	0.00153884268708	0.00153883090574	0.720474458646	0.00153870145103	0.00153877308244	0.267215406593
0.0166696512669	0.0166689532589	0.0166692118111	0.0166669613602	0.0166689693044	0.0166687656616	0.849978210485	0.0166682850943	0.0166710633312	0.0166699284261
0.00714482772071	0.0071438610241	0.0071439648664	0.00714294571768	0.007143724201	0.00714347769397	0.935704476968	0.0071435242989	0.00714479857134	0.00714439893832
0.00277869136137	0.693680502697	0.00277839181428	0.00277812669815	0.00277814188326	0.00277904118009	0.284092404425	0.00277790720696	0.00277845783047	0.00277833490359
0.00232680129005	0.00232600969999	0.00232633939837	0.00232572129487	0.00232638198842	0.00232593775171	0.348171796366	0.00232571161041	0.00232598934148	0.633219311258
0.0125036580387	0.0125015326348	0.0125017529657	0.0125003098545	0.0125046873553	0.0125017467003	0.887478126332	0.0125021788911	0.0125035650259	0.0125024422019
0.957138818751	0.0047619951159	0.00476200177552	0.00476192319421	0.00476294411604	0.00476281318873	0.00476228452168	0.00476223797991	0.00476229642895	0.00476268492786
0.461007257372	0.00476242013237	0.00476299651609	0.00476222518997	0.00476305120679	0.349471944765	0.0047630617203	0.156181105005	0.00476295316995	0.00476298492272
0.887484594941	0.0125010727968	0.0125010066586	0.0125005533091	0.0125015771385	0.0125031813593	0.0125010526932	0.0125022381451	0.0125021123764	0.0125026105818
0.947048631083	0.00588425799073	0.00588352764619	0.00588246272057	0.00588395898356	0.00588340344714	0.00588315900382	0.00588332609459	0.0058836021253	0.00588367090543
0.123180584078	0.00454601790305	0.00454617662044	0.00454564356179	0.00454708705004	0.840449911503	0.00454587935696	0.00454599005565	0.00454628864175	0.00454642122876
0.820058016071	0.00232580219514	0.00232592120974	0.00232565369327	0.0023259391098	0.00232630766743	0.00232577791089	0.0964084408221	0.00232590572612	0.0672522355942
0.00666846856241	0.00667232393277	0.00667116674062	0.00666867249032	0.00666926147737	0.939971936446	0.0066697869754	0.0066674741853	0.00667029888576	0.00667061030371
0.0166686331294	0.0166679876781	0.0166698715172	0.0166667915758	0.016668171775	0.849984365688	0.0166680936391	0.0166686116893	0.0166688788158	0.0166685944922
0.0142873140206	0.0142866490423	0.0142877114771	0.0142858022554	0.0142950905686	0.8714085049	0.0142870281905	0.0142870689596	0.0142877011993	0.0142871293872
0.100773443932	0.00227342047758	0.00227330837875	0.00227281658765	0.248389810274	0.0947591644394	0.00227325648459	0.00227285715949	0.29636836272	0.248343559547
0.0111121027925	0.0111121578093	0.0111117808188	0.0111127649335	0.0111120797459	0.0111118559106	0.899991322387	0.011111231816	0.0111128021992	0.0111119015872
0.1	0.1	0.1	0.1	0.1	0.1	0.1	0.1	0.1	0.1
0.00333406086938	0.482718846461	0.0033343801114	0.00333364016771	0.490609041132	0.00333428780099	0.00333395850476	0.00333377013518	0.00333416450438	0.00333385031337
0.0100002456957	0.0100005757031	0.0100060296796	0.0100000001167	0.909989462341	0.0100006150297	0.0100010178573	0.0100001826908	0.0100014422998	0.0100004285861
0.0166700557558	0.0166666668195	0.0166666667805	0.016666666882	0.0166683761228	0.0166666667791	0.849990307112	0.0166684330234	0.0166680248177	0.0166681359069
0.0333351374246	0.0333368753429	0.699990245736	0.0333333336957	0.033333333481	0.0333351148364	0.0333333334457	0.0333342039548	0.033334676573	0.0333337455102
0.00208370045204	0.00208397150856	0.0020836217012	0.00208340998258	0.736523978803	0.0020836210661	0.00208356152287	0.0020834129764	0.246806975335	0.00208374665252
0.00500228890257	0.00500054361884	0.0050013582378	0.00500021542472	0.954990389734	0.00500181314162	0.00500088481574	0.00500070894543	0.00500064944043	0.00500114773909
0.0100015128364	0.0100004243139	0.01000040372	0.0100002019905	0.0100024396244	0.909988830016	0.01000029089	0.0100018705588	0.0100012328604	0.01000279319
0.44720683362	0.00714522372152	0.00714428050742	0.00714313942725	0.00714492725059	0.0071454113694	0.00714408113423	0.495637526968	0.00714418158755	0.00714439441501
0.00500033878418	0.00500056046863	0.0050006522895	0.00500029847409	0.00500062918173	0.954994376787	0.00500054133095	0.00500035382193	0.00500107808257	0.00500117077957
0.00909276858591	0.00909260408164	0.918159842795	0.00909244216545	0.00909271010657	0.00909481971589	0.00909320584694	0.00909163834448	0.00909439112356	0.00909557723468
0.00263221240168	0.00263196580742	0.00263187704245	0.00263171025526	0.639684078524	0.339259953837	0.00263205768848	0.00263196500871	0.00263208269598	0.00263209673969
0.0100013515951	0.0100012403016	0.0100002092864	0.278627190949	0.118498277584	0.0100018484363	0.0100003375491	0.532868232695	0.0100009877833	0.0100003238204
0.0100013487071	0.010001237652	0.0100002094959	0.279039807965	0.118460135053	0.0100018464	0.0100003378974	0.532493765811	0.0100009868647	0.0100003241535
0.010001350328	0.01000123913	0.0100002093954	0.278812194633	0.118471873511	0.0100018553537	0.0100003377574	0.532709628294	0.0100009876012	0.0100003239967
0.00588326847377	0.00588311247925	0.947052113611	0.00588245598371	0.0058828178693	0.00588443271359	0.00588319286635	0.00588269530974	0.00588287198567	0.00588303870784
0.0333333334741	0.699990185017	0.0333431469146	0.0333333336493	0.0333333334932	0.0333333334976	0.0333333334575	0.0333333335374	0.0333333334901	0.0333333334698
0.0111126037759	0.0111120702617	0.0111125587955	0.0111120175555	0.0111113908316	0.0111136950595	0.0111116570336	0.899990786734	0.0111115022623	0.0111117176902
0.699945198337	0.0333364382028	0.0333671353757	0.0333387490968	0.033333333749	0.0333333338434	0.0333351814067	0.0333333338648	0.033342064862	0.0333352312618
0.00909184360163	0.00909257449602	0.481779120344	0.00909176416932	0.00909289866166	0.445480732712	0.00909194460571	0.00909197804943	0.00909324252562	0.00909390083501
0.00333369334322	0.00333397112802	0.00333465659932	0.00333361708492	0.0033340299508	0.736326107213	0.00333377494102	0.00333366291986	0.0033339532228	0.237002533597
0.0062508758872	0.491820169253	0.0062512493807	0.00625036906973	0.00625085654293	0.00625201235527	0.00625066644173	0.00625051169615	0.00625120013212	0.458172089241
0.00588336428216	0.442378179299	0.00588457233387	0.00588253922579	0.00588390772966	0.510553281975	0.00588420073858	0.00588276681566	0.00588351851638	0.00588366908465
0.00588327884031	0.00588314856448	0.419781641856	0.00588279079184	0.00588324480855	0.533152278287	0.00588325519894	0.00588281418527	0.0058839406937	0.00588360677352
0.00666834230884	0.212404054246	0.00666865145886	0.00666725225681	0.00666791753147	0.734251884329	0.00666785858441	0.00666704569177	0.00666850805793	0.00666848553527
0.970964373898	0.00322610637649	0.00322626701668	0.00322597009305	0.00322646704003	0.00322624624624	0.00322614547967	0.00322601062583	0.00322623568071	0.00322617754343
0.675191565175	0.00666690727327	0.00666693331549	0.0066671729411	0.00666956789194	0.0066672467482	0.00666784273325	0.271468627573	0.0066668980304	0.0066672383187
0.0111126468404	0.0111118528919	0.0111127793996	0.0111114654997	0.0111118640746	0.0111125137628	0.899986639481	0.0111155952921	0.0111113639685	0.0111132787895
0.00476324681233	0.00476291543424	0.445755341591	0.00476356011015	0.219642023988	0.00476304167826	0.301261716451	0.0047622016398	0.00476296604726	0.00476298624773
0.00434816523335	0.00434854015468	0.0043484824276	0.00434800916318	0.00434906898586	0.00434840141795	0.00434832898072	0.960864385267	0.00434810185827	0.00434851651118
0.00312571858633	0.00312585527828	0.00312546428489	0.00312538038202	0.219124934372	0.00312584971626	0.00312582204535	0.75586952325	0.00312569265397	0.00312575943079
0.0333361815389	0.0333369825226	0.0333368050264	0.0333336783056	0.0333374902644	0.0333363047479	0.0333378055785	0.0333419075812	0.699967034963	0.0333358094714
0.0111117646103	0.0111126813355	0.0111165284421	0.0111117094142	0.0111119423016	0.0111120727032	0.899983940684	0.0111135242058	0.0111142039818	0.0111116323219
0.00666803218188	0.00666765892089	0.00666951421693	0.00666670795894	0.00666776290862	0.00666991602717	0.0066691155947	0.0066676461323	0.939984330422	0.00666931563626
0.116587059972	0.00909168211386	0.14146107151	0.00909103962718	0.678308815984	0.00909147883825	0.0090917460205	0.00909128927779	0.00909210243744	0.00909371421856
0.00625117103367	0.0062509910526	0.00625050546456	0.00625054800268	0.00625347253781	0.00625059871251	0.00625084842327	0.00625012671111	0.943741165976	0.00625057208598
0.00357223004875	0.00357219918398	0.00357214629309	0.00357153781345	0.46406736426	0.00357197084119	0.507356367248	0.00357167744247	0.00357214181182	0.00357236505682
0.00222246239296	0.00222257688741	0.00222241407855	0.00222230267234	0.979997699192	0.00222239126455	0.00222249111485	0.00222238194445	0.00222264072796	0.00222263972514
0.00270319245948	0.00270360090576	0.00270298979029	0.00270281894525	0.727275068673	0.00270306581566	0.251099723079	0.00270305751754	0.00270320339922	0.00270327941456
0.00555584953297	0.00555600332876	0.00555611653065	0.00555639308908	0.775164167973	0.180385300787	0.00555703597753	0.00555620785963	0.00555628783319	0.00555663708742
0.0333376256749	0.0333358021007	0.0333426808524	0.0333380106982	0.0333431726579	0.0333345205849	0.0333402020081	0.0333346018411	0.0333350356874	0.699958347894
